2
5
100100
100800
101000
101200
101400
101600
101800
101900
102200
102370
102500
102530
102700
102900
103050
103285
103470
103500
103580
103780
103900
104290
104300
104310
104500
104510
105120
105150
105200
105210
105250
105400
105500
105550
105650
105830
106100
106210
106260
106300
106600
107250
107480
107970
108010
108120
108300
108500
108720
108721
108900
108985
109150
109400
109730
109800
110100
110450
110500
110700
110800
110900
111000
111150
111200
111250
111380
111400
111620
111750
112010
112050
112100
112310
112500
112600
113000
113100
113200
113300
113500
113620
113650
113750
113800
113900
113970
114000
114290
114480
114500
114550
114900
115080
115150
115195
115196
115197
115200
115210
115300
115310
115430
115700
116150
116200
116600
116800
116860
116920
117000
117210
117300
117550
117800
118100
118200
118210
118220
118300
118400
118450
118600
118700
118800
119300
119500
119540
119600
119800
119900
120100
120200
120330
120430
120435
120790
120970
121050
121200
121201
121300
121800
121820
121850
121900
122000
122100
122200
122470
122700
122880
123000
123100
123150
123320
123400
123500
123700
123790
124000
124200
124500
124900
125250
125310
125350
125370
125400
125420
125480
125490
125500
125595
125700
125800
125850
125851
125852
125853
126200
126600
126700
127300
127400
127550
127700
127750
128100
128200
128230
128235
129400
129490
129500
129600
130000
130010
130020
130050
130060
130070
130600
130650
130900
131100
131300
131440
131705
131750
131760
131800
131850
131900
131950
131960
132000
132400
132450
132600
132700
132800
132900
133020
133100
133200
133239
133540
133700
133701
133780
134610
135100
135150
135290
135300
135700
136000
136120
136520
136630
136680
136760
136800
136880
136900
137215
137245
137440
137580
137600
137750
137760
137800
137920
138000
138500
138800
139090
139300
140000
140300
140350
140600
140700
141200
141500
141749
142330
142623
142680
142690
142900
142945
142946
143095
143100
143200
143465
143470
143500
143860
143870
143880
143890
144010
144200
144250
144650
144700
144750
145000
145001
145250
145260
145500
145600
145650
145680
145750
145900
145980
146000
146110
146200
146255
146300
146510
146520
146550
146590
146700
146800
147050
147060
147250
147480
147750
147891
147920
147950
148000
148050
148190
148210
148300
148350
148700
148820
149200
149400
149730
150250
150400
150600
150800
151100
151210
151600
151623
151660
152700
153100
153400
153480
153550
153640
153650
153670
153700
153800
154020
154500
154700
154780
155100
155240
155255
155600
155601
155755
155950
156200
156240
156250
156400
156500
156530
156550
157170
157300
157600
157640
158000
158300
158320
158330
158350
158590
158810
159000
159001
159900
160120
160150
160500
160800
160900
160980
161000
161200
161400
161800
162000
162091
162100
162200
162210
162300
162350
162400
162500
162800
162830
162900
163500
163800
163950
164200
164230
164280
164300
164400
164500
165300
165500
165550
165720
165800
166200
166210
166220
166250
166260
166350
166600
166700
166710
166780
167000
167200
167210
167320
167400
167800
167870
168000
168300
168400
168500
168550
168600
168601
168605
169100
169150
169400
169500
169600
170100
170390
170400
170650
171200
171300
171400
172700
172800
172870
173100
173600
173650
173900
174050
174200
174500
174700
174800
174810
174900
175050
175100
175200
175700
175780
175900
176000
176100
176200
176270
176305
176400
176410
176430
176450
176500
176670
176807
176860
176920
177000
177170
177200
177650
177735
177820
177850
177900
178500
178600
179620
179800
179850
180100
180104
180105
180200
180300
180500
180550
180700
180800
180849
180860
180920
181000
181030
181350
181400
181405
181430
181450
181500
182000
182212
182230
182280
182290
182600
182601
182900
182920
182940
182980
183086
183090
183900
184095
184250
184252
184460
184500
184840
184900
185500
185800
186000
186100
186200
186300
186500
186570
186580
187300
187500
187600
187601
187950
188000
188050
188055
188400
188470
188550
188570
188580
188890
189500
189800
190300
190320
190350
190351
190440
190685
190900
191100
191830
191900
192315
192350
192430
192500
192600
192605
192950
193100
193220
193230
193300
193400
193500
193510
193520
193530
193670
193700
193900
194070
194071
194080
194200
194300
200100
200150
200500
200600
200610
200700
200990
201000
201100
201250
201300
201400
201450
201470
201475
201710
201750
201810
201910
202010
202110
202200
202300
202370
202400
202650
202700
203100
203200
203290
203300
203400
203450
203500
203655
203700
203750
203780
203800
204000
204100
204200
204300
204500
204650
204700
204870
205100
205400
205950
206100
206200
206700
206800
206900
206920
207410
207750
207800
207900
208000
208050
208085
208150
208230
208250
208400
208540
208550
208900
208920
209300
209500
209880
209900
209920
209950
210200
210210
210250
210370
210600
210710
210720
210750
210900
211180
211400
211500
211530
211600
211750
211800
211900
211980
212065
212066
212070
212112
212138
212140
212550
212720
212750
212780
213300
213700
214100
214150
214400
214450
214500
214700
214800
214950
215045
215100
215140
215150
215300
215600
215700
216360
216400
216550
216900
217000
217080
217090
217095
217300
217400
217700
217800
218000
218030
218040
218330
218600
218700
218800
219000
219050
219090
219100
219150
219200
219500
219700
219750
219800
219900
220100
220110
220111
220120
220150
220290
220400
221750
221770
222100
222300
222448
222600
222700
222748
222765
222800
222900
223000
223100
223360
223800
223900
224050
224100
224120
224230
224410
224690
224750
224900
225060
225100
225250
225280
225300
225320
225400
225410
225500
225750
225753
225790
226200
226400
226600
226650
226670
226700
226730
226900
226980
227220
227240
227300
227400
227500
227600
227645
227646
227650
227810
228000
228300
228520
228600
228900
228930
228960
228980
229050
229070
229100
229200
229300
229600
229700
229800
230000
230200
230350
230400
230450
230500
230600
230650
230900
231000
231005
231050
231070
231090
231095
231200
231300
231530
231550
231670
231680
231690
231900
232200
232220
232240
232300
232400
232500
232600
232700
232800
233100
233300
233400
233420
233650
233690
233700
233710
233910
234000
234050
234100
234200
234500
235200
235400
235510
235550
235555
235700
235730
235800
236000
236200
236250
236270
236490
236670
236680
236700
236730
236792
237300
237310
237450
237500
237900
238320
238600
238700
238970
239000
239100
239200
239300
239500
239510
240300
240500
240600
240800
240900
241080
241200
241410
241500
241510
241520
241530
241550
241600
241800
241850
242100
242300
242500
242600
242860
242900
243000
243060
243300
243400
243500
243700
243800
244200
244400
244460
245000
245010
245050
245150
245200
245340
245348
245349
245400
245480
245590
245600
245660
245900
246200
246300
246450
246650
246700
247100
247420
248190
248200
248250
248300
248360
248370
248390
248450
248500
248510
248600
248800
248900
249000
249100
249270
249420
249500
249700
249900
250100
250250
250460
250620
250790
250800
250850
250940
250950
251000
251100
251110
251120
251200
251260
251290
251450
251850
251880
252010
252011
252150
252500
252600
252605
252650
252900
252920
252930
252940
253000
253010
253200
253220
253250
253260
253270
253280
253290
253300
253310
253400
253550
253600
253601
253700
253800
254090
254110
254130
254210
254300
254450
254500
254600
254770
254780
254800
254900
255110
255120
255125
255200
255310
255320
255600
255700
255800
255960
256000
256030
256040
256050
256100
256300
256370
256450
256500
256540
256550
256600
256700
256730
256731
256800
256810
256840
256850
257200
257220
257270
257300
257320
257850
257980
258100
258315
258450
258501
258660
258870
258900
259100
259420
259440
259500
259600
259700
259710
259720
259730
259770
259775
259900
260000
260300
260350
260370
260400
260500
260540
260600
260660
260920
261000
261100
261500
261515
261540
261550
261600
261630
261640
261670
261740
261750
262000
262190
262300
262400
262500
262600
262650
262700
262850
262890
263200
263300
263400
263510
263520
263650
263700
263800
264070
264300
264350
264470
264600
264700
264750
264800
265000
265100
265120
265380
265450
265800
266100
266120
266130
266140
266150
266200
266265
266280
266300
266500
266510
266600
266900
267010
267300
267430
267500
267750
268000
268100
268130
268150
268200
268210
268220
268300
268310
268400
268800
269000
269150
269160
269250
269500
269600
269700
269920
269921
270100
270200
270300
270400
270420
270450
270550
270685
270700
270800
270960
270970
271150
271245
271665
271700
271900
271930
271980
272120
272200
272300
272430
272460
272750
272800
273300
273395
273750
273800
274150
274270
274300
274400
274500
274600
274700
274800
274900
275100
275210
275350
275355
275630
275900
276300
276400
276600
276700
276710
276820
276880
276900
276901
276902
276904
276950
277180
277300
277380
277400
277410
277440
277450
277460
277470
277480
277580
277590
277600
277610
277700
277900
278000
278150
278250
278300
278700
278720
278730
278740
278750
278760
278780
278800
300000
300004
300009
300018
300029
300048
300049
300055
300066
300067
300068
300069
300071
300087
300088
300100
300123
300143
300166
300183
300200
300209
300210
300215
300220
300240
300243
300244
300257
300260
300263
300271
300291
300299
300301
300306
300321
300322
300323
300352
300354
300367
300373
300376
300387
300400
300419
300422
300423
300425
300434
300436
300438
300448
300455
300472
300476
300486
300489
300491
300494
300495
300496
300497
300498
300500
300510
300511
300514
300523
300534
300537
300539
300554
300555
300558
300559
300577
300582
300584
300590
300600
300604
300607
300615
300622
300623
300624
300630
300633
300635
300636
300640
300643
300645
300653
300659
300661
300672
300673
300676
300695
300696
300699
300705
300706
300707
300716
300717
300718
300749
300751
300752
300755
300758
300770
300799
300802
300803
300804
300807
300814
300816
300818
300831
300834
300835
300842
300844
300847
300848
300849
300850
300851
300852
300853
300854
300855
300857
300860
300867
301000
301040
301050
301200
301310
301500
301830
301835
301900
302045
302060
302200
302350
302800
302950
302960
303100
303350
303400
303600
303700
303800
303900
304020
304100
304110
304120
304150
304400
304500
304700
304790
304800
305000
305100
305390
305400
305450
305600
305620
306000
306400
306700
306900
306955
307000
307030
307200
307800
308050
308100
308205
308230
308240
308300
308350
308700
308800
308930
308990
309000
309350
309400
309500
309510
309520
309530
309548
309549
309580
309583
309801
309900
310200
310300
310400
310468
310500
310600
310700
311070
311150
311200
311250
311300
311360
311900
312000
312060
312080
312170
312300
312600
312700
312750
312863
312870
312920
313200
313400
313500
313900
314050
314250
314400
400044
400045
415000
580000
600002
600059
600060
600072
600081
600101
600105
600110
600116
600118
600121
600132
600138
600143
600145
600155
600175
600195
600202
600204
600208
600224
600251
600263
600274
600309
600316
600320
600334
600363
600376
600430
600462
600496
600501
600512
600513
600625
600630
600634
600638
600649
600652
600669
600721
600737
600791
600794
600795
600803
600807
600850
600852
600858
600880
600881
600882
600886
600901
600919
600920
600955
600962
600965
600969
600971
600972
600974
600977
600994
600995
600996
601001
601003
601005
601067
601071
601072
601098
601104
601110
601144
601152
601154
601186
601200
601214
601238
601277
601283
601286
601287
601316
601317
601321
601331
601367
601369
601378
601382
601386
601388
601399
601410
601414
601419
601451
601455
601457
601462
601472
601492
601493
601494
601495
601518
601536
601543
601544
601547
601550
601551
601553
601559
601583
601596
601606
601626
601631
601634
601650
601665
601675
601678
601680
601705
601709
601718
601744
601776
601780
601800
601813
601815
601816
601820
601847
601859
601868
601869
601884
601885
601887
601894
601942
601952
601954
602014
602025
602032
602078
602079
602080
602081
602082
602083
602088
602089
602092
602093
602111
602347
602390
602398
602433
602450
602459
602473
602475
602481
602482
602485
602491
602522
602540
602541
602579
602629
602668
602722
602771
602772
602849
602875
603034
603041
603075
603147
603194
603218
603233
603278
603284
603285
603358
603373
603467
603471
603513
603516
603543
603546
603552
603553
603554
603563
603585
603622
603629
603649
603688
603689
603720
603736
603776
603786
603813
603829
603830
603860
603896
603902
603903
603909
603932
603933
603956
603965
604004
604091
604116
604117
604129
604131
604145
604168
604169
604173
604187
604218
604219
604229
604232
604233
604250
604271
604273
604278
604286
604290
604292
604302
604307
604308
604317
604320
604321
604326
604348
604352
604356
604360
604367
604369
604370
604377
604379
604387
604391
604393
604400
604403
604416
604432
604498
604536
604537
604559
604563
604571
604625
604715
604717
604757
604765
604772
604777
604804
604841
604864
604901
604906
604928
604931
605019
605021
605027
605039
605041
605074
605115
605192
605218
605249
605253
605258
605259
605280
605282
605289
605309
605316
605355
605361
605362
605373
605375
605376
605387
605389
605407
605432
605462
605472
605479
605543
605552
605583
605588
605589
605594
605606
605637
605670
605676
605711
605714
605724
605803
605814
605820
605850
605899
605909
605911
605990
606002
606003
606054
606056
606068
606069
606070
606071
606072
606159
606176
606217
606232
606243
606324
606346
606353
606367
606369
606392
606394
606408
606438
606482
606574
606579
606593
606595
606612
606657
606658
606664
606685
606688
606690
606693
606705
606713
606719
606762
606764
606768
606777
606785
606788
606798
606799
606812
606824
606843
606854
606856
606864
606889
606937
606943
606952
606963
606966
606996
607014
607015
607016
607039
607060
607078
607080
607084
607091
607095
607101
607107
607115
607133
607136
607143
607151
607154
607155
607174
607196
607200
607208
607225
607236
607250
607259
607271
607276
607277
607313
607323
607326
607330
607339
607341
607361
607364
607371
607398
607417
607426
607432
607447
607450
607453
607457
607459
607464
607473
607475
607476
607482
607483
607485
607486
607487
607499
607507
607523
607541
607554
607572
607594
607595
607596
607598
607602
607616
607624
607625
607626
607628
607631
607634
607636
607641
607654
607655
607676
607677
607678
607681
607682
607684
607685
607688
607694
607706
607721
607734
607736
607745
607748
607765
607778
607785
607791
607801
607812
607821
607822
607823
607831
607832
607834
607836
607841
607842
607847
607850
607855
607864
607903
607906
607921
607932
607936
607941
607944
607948
608013
608022
608030
608033
608051
608089
608091
608093
608097
608099
608104
608106
608115
608133
608161
608175
608180
608189
608194
608203
608232
608233
608236
608265
608266
608320
608323
608328
608340
608354
608355
608358
608361
608380
608389
608390
608393
608404
608415
608443
608446
608454
608456
608470
608471
608516
608540
608556
608565
608567
608569
608579
608584
608594
608611
608612
608615
608622
608627
608629
608634
608641
608643
608644
608649
608654
608673
608681
608688
608709
608716
608728
608747
608751
608758
608765
608768
608776
608779
608782
608799
608800
608804
608805
608807
608808
608810
608812
608836
608837
608840
608864
608874
608890
608895
608898
608901
608902
608930
608931
608957
608967
608971
608978
608980
608983
608996
609006
609015
609016
609033
609040
609048
609049
609053
609054
609056
609057
609060
609069
609135
609136
609140
609141
609148
609152
609161
609165
609180
609192
609200
609220
609227
609241
609242
609254
609260
609265
609273
609283
609284
609285
609286
609304
609307
609308
609310
609311
609322
609338
609352
609404
609423
609441
609446
609452
609460
609464
609508
609524
609528
609529
609532
609533
609535
609536
609560
609579
609583
609597
609620
609621
609622
609628
609634
609637
609638
609646
609698
609706
609734
609741
609753
609755
609796
609812
609813
609814
609820
609821
609823
609886
609887
609889
609909
609923
609924
609939
609942
609968
609975
610003
610006
610015
610017
610019
610021
610024
610031
610042
610048
610064
610069
610090
610092
610093
610102
610125
610127
610131
610140
610149
610153
610156
610163
610168
610181
610187
610188
610189
610193
610198
610199
610205
610217
610220
610227
610244
610245
610246
610250
610251
610253
610256
610265
610282
610283
610293
610297
610313
610329
610333
610353
610356
610357
610359
610370
610374
610377
610379
610380
610381
610424
610425
610426
610427
610441
610444
610445
610446
610448
610455
610460
610474
610475
610476
610478
610489
610498
610504
610505
610508
610532
610539
610549
610551
610582
610599
610600
610612
610618
610623
610628
610629
610644
610651
610678
610682
610687
610688
610698
610706
610713
610717
610725
610733
610738
610743
610755
610756
610758
610759
610762
610765
610768
610773
610798
610799
610828
610829
610832
610842
610852
610878
610896
610913
610915
610921
610927
610938
610947
610951
610954
610965
610968
610978
610984
610988
610992
611015
611016
611022
611038
611040
611064
611067
611081
611087
611090
611092
611093
611105
611126
611131
611134
611136
611162
611182
611209
611225
611228
611263
611277
611283
611291
611307
611363
611369
611377
611378
611383
611391
611407
611431
611451
611465
611488
611489
611490
611493
611497
611498
611521
611523
611528
611544
611548
611553
611554
611556
611560
611561
611584
611588
611590
611597
611603
611615
611638
611664
611705
611718
611719
611721
611722
611726
611742
611755
611762
611771
611773
611775
611777
611783
611788
611804
611809
611812
611818
611819
611820
611862
611868
611875
611876
611878
611879
611880
611881
611884
611890
611895
611928
611938
611942
611943
611953
611960
612004
612015
612016
612018
612020
612042
612052
612067
612069
612073
612075
612076
612079
612095
612098
612100
612109
612124
612126
612132
612138
612158
612160
612201
612219
612225
612227
612229
612233
612237
612240
612244
612245
612247
612251
612260
612261
612267
612269
612278
612281
612284
612285
612286
612287
612290
612291
612292
612300
612301
612304
612310
612318
612319
612336
612347
612350
612356
612359
612362
612370
612371
612379
612387
612389
612390
612391
612394
612400
612416
612422
612423
612437
612444
612446
612447
612462
612463
612518
612520
612522
612526
612527
612528
612529
612539
612540
612541
612542
612551
612555
612556
612560
612561
612562
612563
612567
612577
612580
612581
612621
612623
612624
612628
612630
612631
612633
612634
612635
612643
612644
612645
612649
612650
612651
612653
612656
612657
612674
612690
612692
612702
612703
612712
612713
612714
612716
612718
612736
612740
612775
612780
612781
612782
612783
612794
612797
612813
612838
612840
612847
612852
612863
612874
612877
612899
612900
612908
612921
612922
612923
612924
612925
612926
612932
612933
612934
612936
612937
612938
612940
612943
612949
612951
612952
612953
612954
612955
612956
612961
612964
612965
612975
612989
612997
612998
612999
613000
613002
613003
613011
613013
613014
613020
613021
613024
613027
613028
613029
613038
613060
613065
613068
613070
613071
613073
613074
613075
613076
613077
613078
613079
613080
613086
613087
613090
613091
613092
613093
613094
613095
613097
613098
613099
613100
613102
613105
613107
613108
613112
613115
613116
613118
613119
613120
613122
613123
613135
613148
613150
613151
613152
613153
613154
613155
613156
613157
613158
613159
613161
613163
613172
613177
613179
613180
613192
613193
613194
613195
613204
613205
613206
613211
613216
613217
613223
613224
613225
613227
613229
613235
613237
613239
613243
613244
613251
613252
613254
613255
613265
613266
613268
613270
613285
613286
613291
613307
613308
613309
613310
613312
613313
613319
613325
613327
613329
613330
613341
613345
613347
613348
613353
613370
613375
613376
613382
613385
613388
613390
613391
613393
613398
613399
613402
613404
613410
613411
613418
613424
613426
613428
613435
613436
613443
613451
613453
613454
613456
613463
613464
613470
613471
613477
613480
613485
613489
613490
613493
613494
613495
613496
613500
613501
613502
613506
613507
613508
613517
613546
613550
613551
613554
613557
613559
613561
613563
613566
613571
613573
613575
613581
613582
613587
613589
613610
613611
613612
613616
613617
613625
613630
613640
613641
613642
613643
613646
613647
613652
613656
613657
613659
613660
613661
613662
613668
613670
613671
613672
613673
613674
613676
613677
613679
613684
613686
613688
613690
613693
613694
613695
613697
613702
613703
613704
613705
613706
613707
613708
613710
613711
613712
613717
613718
613720
613721
613722
613723
613724
613728
613730
613731
613736
613737
613740
613743
613744
613750
613751
613752
613756
613757
613758
613759
613761
613762
613763
613765
613767
613769
613778
613779
613780
613783
613784
613789
613790
613791
613793
613794
613795
613796
613800
613801
613803
613804
613805
613807
613808
613809
613810
613811
613812
613818
613819
613820
613823
613824
613825
613826
613827
613829
613830
613832
613834
613835
613837
613838
613839
613843
613845
613848
613849
613850
613852
613853
613854
613855
613856
613860
613861
613862
613863
613865
613869
613870
613873
613874
613875
613876
613877
613881
613882
613885
613886
613887
613908
613912
613925
613926
613943
613949
613950
613951
613953
613954
613955
613956
613957
613958
613960
613970
613971
613972
613977
613978
613980
613981
613982
613983
613985
613986
613987
613988
613989
613990
614008
614009
614017
614018
614019
614020
614022
614023
614025
614028
614034
614035
614038
614039
614042
614049
614050
614052
614053
614063
614065
614066
614067
614069
614070
614072
614073
614074
614075
614076
614077
614078
614079
614080
614081
614082
614083
614087
614089
614090
614091
614096
614097
614099
614102
614104
614105
614111
614113
614114
614115
614116
614120
614122
614128
614131
614132
614134
614135
614152
614153
614156
614157
614160
614162
614163
614165
614167
614170
614171
614172
614173
614175
614180
614181
614185
614186
614188
614190
614192
614193
614195
614196
614198
614199
614201
614202
614203
614204
614205
614209
614212
614213
614219
614222
614224
614225
614226
614228
614229
614231
614249
614250
614251
614253
614254
614255
614256
614257
614265
614266
614278
614279
614284
614286
614291
614292
614293
614296
614298
614299
614300
614303
614305
614306
614307
614320
614321
614324
614325
614326
614327
614328
614331
614332
614335
614337
614350
614369
614370
614371
614372
614373
614374
614376
614377
614378
614379
614380
614381
614382
614383
614385
614388
614395
614399
614400
614401
614408
614411
614415
614417
614418
614419
614420
614421
614424
614429
614430
614431
614432
614433
614434
614435
614436
614437
614438
614441
614450
614455
614470
100070
109650
142340
161550
610805
614485
