2
9
10
13
14
15
16
18
19
20
21
22
23
24
25
26
27
29
30
31
32
33
34
35
36
37
38
39
40
41
43
47
48
49
50
51
52
53
54
55
58
59
60
70
71
72
81
86
87
88
89
90
91
92
93
94
95
97
98
100
101
102
103
104
105
107
108
109
111
112
113
114
115
116
117
118
119
120
123
124
125
126
128
131
132
133
134
135
136
140
141
142
143
146
147
148
150
151
152
153
154
155
156
157
158
159
160
161
162
163
164
165
166
167
174
175
176
177
178
181
182
183
185
186
187
189
190
191
196
197
203
204
205
207
208
210
211
212
213
214
215
216
217
218
219
220
221
222
223
224
225
226
229
230
231
238
239
240
241
242
244
246
247
248
249
250
251
257
258
259
262
265
266
267
268
269
270
271
272
273
274
275
276
277
278
279
280
283
284
285
286
287
288
290
291
292
293
301
302
306
307
308
309
310
311
312
313
314
316
317
318
320
321
322
323
324
325
326
328
329
330
331
332
333
334
335
336
337
338
339
341
343
344
345
347
348
350
351
353
355
356
357
358
359
360
361
362
363
364
366
367
368
369
372
374
375
377
378
381
382
383
384
387
388
389
391
392
394
395
396
397
398
399
400
401
402
403
405
406
407
408
409
410
411
412
414
415
416
421
427
429
430
432
433
434
435
438
439
440
443
444
445
460
462
463
466
467
468
471
472
473
474
475
476
477
478
479
480
481
482
483
486
487
488
489
490
491
492
493
495
496
498
501
506
509
513
514
515
516
517
518
521
523
525
526
527
528
529
533
534
535
537
538
539
540
545
546
547
549
550
551
552
553
554
558
567
570
571
572
573
576
578
579
580
581
582
583
585
586
587
590
593
594
595
596
597
598
599
602
604
605
608
610
611
613
617
622
623
624
627
629
631
632
633
634
635
636
637
638
639
640
641
642
643
644
645
646
648
649
650
651
652
653
654
655
656
657
658
659
660
661
662
664
665
666
667
668
669
671
672
673
675
676
677
678
680
682
683
685
686
687
688
689
694
695
696
699
701
705
706
708
710
712
713
714
716
717
718
719
720
721
726
727
728
729
730
731
732
734
735
738
740
745
747
755
757
759
760
761
762
763
765
766
767
768
770
771
773
774
775
776
777
778
779
780
781
782
783
784
785
786
788
790
793
794
795
796
799
800
801
805
808
810
811
813
814
815
816
817
818
819
820
821
822
823
824
825
826
827
829
830
831
832
833
834
835
836
837
838
839
840
841
842
843
845
846
847
857
858
859
860
861
862
863
864
865
866
867
868
869
871
873
875
883
885
886
887
889
890
891
892
894
896
898
899
900
901
902
904
905
908
912
914
915
916
917
919
920
921
922
924
925
926
928
929
930
931
933
939
940
941
942
943
944
945
946
947
948
949
950
951
952
953
954
955
957
958
959
960
961
962
966
968
969
971
972
973
974
975
976
977
978
983
984
987
988
989
990
991
993
994
995
996
997
998
999
1000
1001
1002
1003
1004
1005
1006
1007
1009
1013
1015
1017
1018
1019
1020
1021
1022
1024
1025
1026
1027
1028
1029
1030
1031
1032
1040
1041
1044
1045
1046
1047
1048
1050
1051
1052
1053
1054
1056
1058
1059
1060
1062
1068
1069
1070
1071
1072
1073
1075
1080
1081
1082
1088
1103
1104
1105
1106
1107
1108
1109
1111
1112
1113
1114
1116
1117
1118
1119
1120
1121
1122
1123
1124
1128
1129
1130
1131
1132
1133
1134
1135
1136
1137
1138
1139
1140
1141
1142
1143
1144
1145
1146
1147
1149
1152
1153
1154
1155
1158
1159
1160
1161
1163
1164
1173
1174
1175
1176
1179
1180
1181
1182
1183
1184
1185
1186
1187
1188
1191
1192
1193
1195
1196
1198
1200
1201
1203
1207
1208
1213
1215
1230
1232
1233
1234
1235
1236
1237
1238
1241
1244
1258
1259
1260
1261
1262
1263
1264
1265
1266
1267
1268
1269
1270
1271
1272
1277
1278
1280
1281
1282
1284
1285
1286
1287
1288
1289
1290
1291
1292
1293
1294
1295
1296
1297
1298
1299
1300
1301
1302
1305
1306
1308
1310
1311
1312
1314
1315
1316
1317
1326
1327
1329
1337
1339
1340
1345
1350
1352
1353
1355
1356
1357
1358
1359
1360
1361
1362
1363
1364
1365
1368
1369
1370
1371
1373
1374
1376
1378
1380
1381
1382
1384
1385
1386
1387
1388
1389
1390
1392
1393
1394
1395
1398
1399
1400
1401
1404
1406
1407
1408
1409
1410
1411
1413
1414
1415
1417
1418
1419
1420
1421
1427
1428
1429
1431
1432
1434
1435
1436
1437
1438
1439
1440
1441
1442
1443
1444
1445
1447
1448
1452
1453
1454
1455
1456
1457
1459
1460
1462
1463
1464
1465
1466
1468
1471
1474
1475
1476
1477
1478
1479
1482
1487
1488
1489
1490
1491
1493
1495
1496
1497
1499
1500
1501
1503
1508
1509
1510
1511
1512
1513
1514
1515
1520
1521
1522
1523
1524
1525
1528
1535
1536
1537
1540
1543
1544
1545
1548
1549
1551
1553
1555
1557
1558
1559
1562
1565
1571
1572
1573
1576
1577
1579
1580
1581
1582
1583
1584
1585
1586
1588
1589
1591
1592
1593
1594
1595
1600
1601
1602
1603
1604
1605
1606
1607
1608
1609
1610
1612
1615
1616
1617
1618
1621
1622
1628
1629
1630
1632
1634
1636
1638
1639
1641
1642
1643
1644
1645
1646
1647
1649
1650
1652
1653
1654
1655
1656
1657
1659
1660
1662
1663
1665
1666
1673
1674
1675
1676
1677
1678
1687
1690
1716
1717
1718
1719
1723
1725
1727
1728
1729
1730
1731
1733
1734
1735
1736
1737
1738
1739
1740
1741
1742
1743
1745
1746
1747
1748
1749
1750
1755
1756
1758
1759
1760
1761
1762
1763
1767
1773
1776
1777
1778
1780
1781
1783
1785
1786
1787
1788
1789
1791
1793
1794
1795
1796
1797
1798
1800
1801
1802
1803
1804
1805
1806
1807
1808
1809
1810
1811
1812
1813
1814
1815
1816
1819
1820
1822
1823
1824
1825
1826
1827
1828
1829
1830
1832
1834
1836
1837
1838
1839
1840
1841
1842
1843
1844
1845
1846
1847
1848
1849
1850
1852
1854
1855
1856
1857
1859
1861
1869
1870
1871
1874
1875
1876
1877
1879
1889
1890
1891
1892
1893
1894
1896
1901
1902
1903
1906
1908
1909
1910
1911
1912
1915
1917
1933
1936
1937
1938
1939
1943
1944
1946
1947
1948
1949
1950
1951
1952
1953
1956
1958
1959
1960
1961
1962
1964
1965
1967
1968
1969
1973
1974
1975
1977
1978
1979
1981
1982
1983
1984
1991
1992
1993
1994
1995
1996
1997
1998
1999
2001
2002
2004
2005
2006
2010
2011
2015
2016
2017
2018
2019
2020
2021
2022
2023
2026
2027
2029
2030
2033
2034
2035
2036
2037
2038
2039
2040
2041
2042
2043
2044
2045
2046
2047
2048
2049
2050
2051
2052
2053
2054
2055
2056
2057
2058
2059
2060
2063
2064
2065
2066
2067
2068
2069
2070
2071
2072
2073
2074
2077
2078
2079
2081
2091
2098
2099
2100
2101
2103
2104
2107
2108
2109
2110
2113
2114
2115
2117
2118
2119
2120
2121
2122
2125
2128
2130
2131
2132
2134
2137
2138
2139
2140
2145
2146
2147
2149
2150
2151
2152
2153
2155
2157
2158
2159
2160
2161
2162
2165
2166
2167
2168
2169
2170
2171
2173
2175
2176
2177
2178
2180
2181
2182
2184
2185
2186
2187
2188
2189
2191
2192
2193
2194
2195
2196
2197
2199
2200
2201
2202
2203
2205
2206
2207
2208
2209
2212
2213
2217
2218
2219
2220
2222
2224
2232
2235
2237
2239
2241
2242
2243
2244
2245
2246
2247
2248
2249
2250
2251
2252
2253
2254
2255
2257
2258
2259
2260
2261
2262
2263
2264
2266
2268
2271
2272
2273
2274
2275
2277
2280
2281
2286
2288
2289
2290
2294
2295
2296
2297
2298
2299
2300
2301
2302
2303
2304
2305
2306
2307
2308
2309
2312
2313
2314
2316
2317
2318
2319
2321
2322
2323
2324
2326
2327
2328
2329
2330
2331
2332
2334
2335
2339
2342
2346
2348
2350
2352
2353
2354
2355
2356
2357
2395
2444
2475
2483
2487
2488
2492
2494
2495
2512
2515
2516
2517
2519
2520
2521
2523
2524
2525
2526
2527
2528
2529
2530
2531
2532
2533
2534
2535
2538
2539
2542
2547
2548
2549
2550
2551
2554
2555
2556
2557
2558
2559
2561
2562
2563
2566
2568
2569
2571
2572
2580
2581
2582
2583
2584
2585
2587
2588
2589
2590
2591
2592
2593
2595
2596
2597
2617
2618
2619
2621
2623
2624
2625
2626
2627
2628
2629
2632
2636
2637
2638
2639
2641
2642
2643
2645
2646
2648
2649
2650
2651
2652
2653
2657
2658
2660
2661
2662
2664
2665
2668
2670
2671
2672
2673
2674
2675
2676
2677
2678
2683
2687
2688
2689
2690
2691
2692
2693
2694
2696
2697
2700
2701
2702
2703
2705
2706
2707
2709
2710
2712
2717
2719
2720
2729
2730
2731
2733
2734
2735
2736
2737
2738
2739
2740
2741
2742
2743
2744
2745
2746
2747
2752
2760
2762
2764
2766
2767
2768
2769
2770
2771
2773
2774
2775
2776
2778
2779
2780
2781
2782
2783
2784
2785
2786
2787
2788
2790
2791
2792
2794
2796
2798
2799
2800
2803
2805
2806
2810
2811
2812
2813
2814
2815
2817
2819
2820
2821
2822
2823
2824
2826
2827
2828
2829
2830
2831
2833
2834
2835
2837
2842
2847
2861
2863
2864
2868
2869
2870
2872
2873
2874
2875
2876
2877
2879
2882
2885
2887
2888
2889
2890
2891
2892
2893
2894
2895
2896
2897
2898
2899
2900
2901
2902
2903
2904
2905
2906
2907
2908
2909
2911
2912
2913
2914
2915
2916
2917
2918
2923
2925
2926
2931
2932
2934
2935
2936
2937
2938
2939
2940
2941
2950
2952
2953
2954
2956
2957
2958
2959
2960
2961
2962
2963
2965
2966
2967
2968
2972
2977
2978
2979
2981
2982
2983
2984
2986
2987
2990
2992
2993
2994
2995
2996
2997
2998
3000
3001
3002
3004
3005
3006
3007
3008
3009
3010
3012
3013
3014
3015
3017
3018
3020
3021
3024
3026
3028
3029
3030
3032
3033
3034
3035
3036
3037
3038
3039
3040
3043
3045
3046
3047
3048
3050
3052
3053
3054
3055
3059
3060
3061
3062
3064
3065
3066
3067
3068
3069
3070
3071
3073
3074
3075
3077
3078
3081
3082
3083
3084
3087
3090
3091
3092
3093
3094
3097
3098
3099
3101
3104
3105
3106
3107
3108
3110
3111
3117
3119
3123
3131
3133
3134
3135
3141
3142
3145
3146
3148
3149
3150
3151
3155
3156
3157
3158
3159
3161
3162
3163
3164
3166
3167
3169
3170
3171
3172
3174
3175
3176
3177
3178
3181
3182
3183
3184
3185
3187
3188
3189
3190
3191
3192
3195
3196
3198
3199
3200
3201
3202
3203
3204
3205
3206
3207
3208
3209
3211
3212
3213
3214
3215
3216
3217
3218
3219
3221
3222
3223
3224
3225
3226
3227
3228
3229
3231
3232
3233
3234
3235
3236
3237
3238
3239
3240
3241
3242
3248
3249
3250
3251
3257
3263
3265
3267
3268
3269
3270
3273
3274
3275
3276
3280
3281
3283
3284
3290
3291
3292
3293
3294
3295
3297
3298
3299
3301
3303
3304
3305
3306
3308
3309
3310
3312
3313
3315
3316
3320
3326
3329
3336
3337
3339
3340
3344
3350
3351
3352
3354
3355
3356
3357
3358
3359
3360
3361
3362
3363
3364
3371
3373
3375
3376
3382
3383
3384
3386
3394
3396
3397
3398
3399
3400
3416
3417
3418
3419
3420
3421
3422
3423
3425
3426
3431
3439
3440
3441
3442
3443
3444
3445
3446
3447
3448
3449
3451
3452
3454
3455
3456
3458
3459
3460
3467
3475
3476
3479
3480
3481
3482
3483
3484
3485
3486
3487
3488
3490
3491
3507
3508
3512
3514
3516
3543
3547
3549
3550
3551
3552
3553
3554
3556
3557
3558
3559
3560
3561
3562
3563
3565
3566
3567
3568
3569
3572
3574
3575
3577
3578
3579
3586
3587
3588
3590
3592
3593
3594
3595
3596
3597
3598
3600
3601
3603
3604
3605
3606
3607
3608
3609
3611
3612
3613
3614
3615
3619
3620
3621
3622
3623
3624
3625
3626
3627
3628
3630
3631
3632
3633
3635
3636
3638
3640
3642
3643
3645
3646
3651
3652
3654
3655
3656
3658
3659
3660
3661
3662
3663
3664
3665
3667
3670
3672
3673
3674
3675
3676
3678
3679
3680
3681
3682
3683
3684
3685
3688
3689
3690
3691
3692
3693
3694
3695
3696
3700
3702
3703
3704
3705
3706
3707
3708
3709
3710
3712
3713
3714
3716
3717
3718
3720
3725
3726
3727
3728
3730
3735
3736
3737
3738
3739
3741
3742
3745
3746
3747
3748
3749
3751
3753
3756
3757
3758
3759
3760
3762
3763
3764
3765
3766
3767
3768
3769
3775
3776
3777
3778
3779
3780
3781
3782
3783
3784
3785
3786
3788
3791
3792
3795
3796
3797
3798
3799
3800
3801
3811
3814
3815
3816
3818
3824
3827
3831
3832
3833
3835
3836
3837
3838
3839
3840
3841
3842
3843
3845
3848
3849
3850
3851
3852
3853
3854
3856
3857
3858
3859
3860
3861
3866
3868
3872
3875
3880
3887
3889
3891
3892
3895
3897
3899
3902
3906
3908
3909
3910
3911
3912
3913
3914
3915
3916
3918
3920
3921
3925
3927
3929
3930
3931
3932
3934
3936
3937
3938
3939
3945
3948
3949
3950
3952
3953
3954
3955
3956
3957
3958
3959
3960
3964
3965
3972
3973
3975
3976
3977
3978
3980
3981
3982
3983
3984
3985
3987
3988
3990
3991
3992
3993
3995
3996
3998
4000
4001
4004
4005
4007
4008
4009
4010
4012
4014
4015
4016
4018
4023
4025
4026
4035
4036
4037
4038
4040
4041
4043
4045
4046
4047
4048
4049
4050
4051
4052
4053
4054
4055
4056
4057
4058
4059
4060
4061
4063
4064
4065
4066
4067
4068
4069
4070
4072
4074
4076
4077
4081
4082
4084
4085
4086
4087
4088
4089
4090
4091
4092
4093
4094
4097
4099
4116
4117
4118
4121
4122
4123
4124
4125
4126
4128
4129
4130
4131
4133
4134
4135
4137
4139
4140
4141
4142
4143
4144
4145
4146
4147
4148
4149
4150
4151
4152
4153
4154
4155
4157
4158
4159
4160
4161
4162
4166
4170
4171
4172
4173
4174
4175
4176
4179
4184
4185
4188
4189
4190
4191
4192
4193
4194
4199
4200
4204
4205
4207
4208
4209
4210
4211
4212
4214
4215
4216
4217
4218
4221
4222
4223
4224
4225
4232
4233
4234
4236
4237
4239
4240
4241
4242
4245
4247
4248
4249
4254
4255
4256
4257
4261
4281
4282
4283
4284
4285
4286
4287
4288
4289
4291
4292
4293
4294
4296
4297
4298
4299
4300
4301
4302
4303
4306
4308
4311
4312
4313
4314
4316
4317
4318
4319
4320
4321
4322
4323
4324
4325
4326
4327
4329
4330
4331
4335
4336
4337
4338
4340
4342
4345
4350
4351
4352
4353
4355
4357
4358
4359
4360
4361
4363
4435
4436
4437
4438
4439
4440
4477
4478
4481
4482
4485
4486
4487
4488
4489
4490
4493
4494
4495
4496
4499
4501
4502
4504
4507
4508
4512
4513
4514
4519
4520
4521
4522
4524
4528
4534
4535
4536
4537
4538
4540
4542
4543
4544
4547
4548
4552
4580
4582
4583
4586
4588
4589
4591
4593
4594
4595
4597
4598
4599
4600
4601
4602
4603
4604
4605
4607
4609
4610
4613
4615
4616
4617
4618
4619
4620
4621
4622
4624
4625
4626
4627
4628
4629
4632
4633
4634
4635
4636
4637
4638
4640
4641
4642
4643
4644
4645
4646
4647
4650
4653
4654
4656
4659
4660
4661
4664
4665
4666
4668
4669
4670
4671
4673
4674
4676
4677
4678
4680
4681
4682
4683
4684
4685
4686
4688
4689
4690
4691
4692
4693
4694
4695
4697
4698
4700
4702
4703
4704
4705
4706
4711
4713
4714
4715
4716
4719
4720
4722
4723
4724
4725
4726
4728
4729
4733
4734
4735
4736
4738
4739
4741
4744
4745
4747
4750
4751
4753
4756
4758
4760
4761
4762
4763
4771
4772
4773
4774
4775
4776
4778
4779
4780
4781
4782
4783
4784
4790
4791
4792
4793
4794
4795
4796
4799
4800
4801
4802
4803
4804
4807
4808
4809
4810
4811
4817
4821
4824
4825
4829
4830
4831
4832
4833
4835
4836
4838
4839
4841
4842
4843
4846
4848
4849
4850
4851
4852
4853
4854
4855
4856
4857
4858
4860
4861
4862
4864
4867
4868
4869
4878
4879
4880
4881
4882
4883
4884
4885
4886
4887
4889
4891
4893
4897
4898
4899
4900
4901
4902
4904
4905
4907
4908
4909
4913
4914
4915
4916
4917
4919
4920
4921
4922
4923
4924
4925
4927
4928
4929
4931
4935
4938
4942
4946
4947
4948
4952
4953
4957
4958
4967
4968
4969
4973
4975
4976
4978
4982
4983
4985
4986
4987
4988
4990
4998
4999
5000
5001
5002
5007
5008
5009
5010
5013
5015
5016
5017
5018
5019
5020
5021
5023
5024
5025
5026
5027
5028
5029
5030
5032
5033
5034
5036
5037
5042
5045
5046
5048
5049
5050
5051
5052
5053
5054
5055
5058
5062
5063
5066
5067
5069
5071
5073
5074
5075
5076
5077
5078
5079
5080
5081
5083
5087
5089
5090
5091
5092
5093
5094
5095
5096
5100
5104
5105
5106
5108
5110
5111
5116
5118
5119
5122
5125
5126
5130
5132
5133
5134
5136
5137
5139
5140
5141
5142
5143
5144
5145
5146
5147
5148
5149
5150
5151
5152
5153
5154
5155
5156
5157
5158
5159
5160
5161
5162
5163
5164
5165
5166
5167
5168
5169
5170
5172
5173
5174
5175
5176
5178
5179
5184
5187
5188
5189
5190
5191
5192
5193
5194
5195
5196
5197
5198
5199
5201
5202
5203
5204
5205
5207
5208
5209
5210
5211
5212
5213
5214
5216
5217
5218
5222
5223
5224
5226
5228
5229
5230
5232
5236
5238
5239
5241
5243
5244
5245
5250
5251
5252
5253
5255
5256
5257
5260
5261
5264
5265
5268
5269
5270
5271
5272
5273
5274
5275
5276
5277
5279
5281
5284
5286
5287
5288
5289
5290
5291
5292
5293
5294
5295
5296
5297
5298
5300
5306
5307
5308
5309
5310
5311
5313
5314
5315
5316
5317
5318
5319
5320
5321
5322
5324
5325
5326
5327
5328
5329
5330
5331
5332
5333
5334
5335
5336
5337
5338
5339
5340
5345
5346
5347
5348
5350
5351
5352
5354
5356
5357
5358
5359
5360
5361
5362
5364
5366
5367
5368
5371
5372
5373
5375
5376
5393
5394
5395
5396
5406
5408
5409
5413
5414
5420
5422
5423
5424
5425
5426
5427
5428
5429
5430
5431
5432
5433
5434
5435
5436
5437
5438
5439
5440
5441
5442
5443
5444
5445
5446
5447
5449
5450
5451
5452
5453
5454
5455
5456
5457
5458
5459
5460
5462
5463
5464
5465
5467
5468
5469
5470
5471
5475
5476
5478
5479
5480
5481
5493
5494
5495
5496
5498
5499
5500
5501
5502
5504
5506
5507
5509
5510
5511
5514
5515
5516
5518
5519
5520
5521
5522
5524
5525
5526
5527
5528
5529
5530
5531
5532
5533
5534
5535
5536
5537
5538
5540
5546
5547
5551
5552
5553
5557
5558
5562
5563
5564
5565
5566
5567
5568
5569
5570
5571
5573
5575
5576
5577
5578
5579
5580
5581
5582
5583
5584
5585
5586
5587
5588
5589
5590
5591
5592
5593
5594
5595
5598
5599
5600
5601
5602
5603
5604
5605
5606
5607
5608
5609
5610
5611
5613
5617
5618
5620
5621
5623
5624
5625
5626
5627
5629
5630
5631
5634
5635
5636
5641
5644
5645
5649
5651
5652
5654
5660
5662
5663
5664
5681
5682
5683
5684
5685
5686
5687
5688
5689
5690
5691
5692
5693
5694
5695
5696
5697
5698
5699
5700
5701
5702
5704
5705
5706
5707
5708
5709
5710
5711
5713
5714
5715
5716
5717
5718
5719
5720
5721
5723
5724
5725
5726
5727
5728
5729
5730
5731
5732
5733
5734
5737
5739
5740
5741
5742
5743
5744
5745
5746
5747
5753
5754
5756
5764
5768
5770
5771
5774
5775
5777
5778
5780
5781
5782
5783
5784
5786
5787
5788
5789
5790
5791
5792
5793
5794
5795
5796
5797
5798
5799
5800
5801
5802
5803
5805
5806
5810
5813
5814
5816
5818
5819
5822
5824
5825
5826
5828
5829
5830
5831
5832
5833
5834
5836
5837
5858
5859
5860
5861
5862
5863
5864
5865
5868
5869
5870
5872
5873
5874
5875
5876
5878
5879
5880
5881
5883
5884
5885
5886
5887
5888
5889
5890
5892
5893
5894
5896
5897
5898
5899
5900
5901
5902
5903
5905
5906
5908
5909
5910
5911
5912
5913
5914
5915
5916
5917
5921
5922
5923
5924
5925
5926
5927
5928
5929
5930
5931
5932
5933
5934
5935
5936
5937
5939
5940
5947
5948
5949
5950
5954
5955
5956
5957
5959
5961
5962
5965
5966
5967
5968
5970
5971
5972
5973
5976
5977
5978
5979
5980
5981
5982
5983
5984
5985
5986
5987
5989
5990
5991
5992
5993
5994
5995
5996
5997
5999
6000
6001
6002
6003
6005
6006
6007
6009
6010
6011
6013
6015
6017
6019
6023
6041
6045
6046
6047
6048
6049
6050
6059
6091
6092
6093
6094
6095
6096
6097
6098
6100
6101
6102
6103
6117
6118
6120
6121
6122
6123
6124
6125
6128
6129
6130
6132
6133
6134
6135
6136
6137
6138
6139
6141
6142
6143
6144
6146
6147
6150
6152
6154
6155
6156
6157
6158
6159
6160
6161
6164
6165
6166
6167
6168
6169
6170
6173
6175
6176
6181
6182
6183
6184
6185
6187
6188
6189
6191
6192
6193
6194
6195
6196
6197
6198
6199
6201
6202
6203
6204
6205
6206
6207
6208
6209
6210
6217
6218
6222
6223
6224
6227
6228
6229
6230
6231
6232
6233
6234
6235
6237
6238
6239
6240
6241
6247
6248
6249
6251
6252
6253
6256
6257
6258
6259
6261
6262
6263
6271
6272
6275
6279
6280
6281
6282
6285
6288
6289
6293
6294
6295
6296
6297
6299
6300
6301
6302
6303
6304
6305
6307
6309
6310
6311
6314
6315
6317
6318
6319
6323
6324
6326
6327
6328
6329
6330
6331
6332
6334
6335
6336
6337
6338
6339
6340
6341
6342
6344
6345
6347
6348
6349
6352
6355
6356
6363
6366
6369
6376
6382
6383
6385
6386
6387
6388
6389
6390
6391
6392
6396
6397
6399
6400
6401
6402
6403
6404
6405
6414
6416
6418
6419
6421
6422
6423
6425
6426
6427
6428
6429
6430
6431
6432
6433
6434
6439
6440
6441
6442
6443
6444
6445
6446
6447
6448
6449
6450
6451
6452
6453
6455
6456
6457
6461
6464
6468
6469
6470
6472
6473
6474
6476
6477
6478
6480
6483
6484
6487
6489
6490
6491
6492
6493
6494
6495
6496
6497
6498
6499
6500
6502
6503
6504
6505
6506
6507
6508
6509
6510
6511
6512
6513
6514
6515
6517
6518
6519
6520
6521
6522
6523
6524
6525
6526
6527
6528
6529
6530
6531
6532
6533
6535
6536
6538
6541
6542
6543
6545
6546
6547
6548
6549
6550
6553
6554
6555
6556
6557
6558
6559
6561
6563
6564
6565
6566
6567
6568
6569
6570
6571
6572
6573
6574
6575
6576
6578
6579
6580
6581
6582
6583
6584
6585
6586
6588
6590
6591
6594
6595
6596
6597
6598
6599
6601
6602
6603
6604
6605
6606
6607
6608
6609
6610
6611
6612
6613
6614
6615
6616
6617
6620
6621
6622
6623
6624
6625
6626
6627
6628
6629
6631
6632
6633
6634
6635
6636
6637
6638
6640
6641
6642
6643
6645
6646
6647
6648
6649
6650
6652
6653
6654
6655
6656
6657
6658
6659
6660
6662
6663
6664
6665
6667
6668
6670
6671
6672
6675
6676
6678
6683
6687
6688
6689
6690
6692
6693
6695
6696
6697
6708
6709
6710
6711
6712
6713
6714
6715
6716
6717
6718
6720
6721
6722
6723
6725
6728
6729
6730
6731
6732
6733
6734
6736
6738
6741
6742
6745
6746
6748
6749
6750
6751
6752
6753
6754
6755
6760
6767
6768
6770
6772
6773
6774
6775
6776
6777
6778
6780
6781
6782
6783
6785
6786
6790
6792
6793
6794
6795
6799
6801
6804
6809
6810
6811
6812
6813
6814
6815
6817
6818
6819
6820
6821
6822
6827
6829
6830
6832
6833
6834
6836
6837
6838
6839
6840
6843
6844
6845
6847
6850
6853
6854
6855
6857
6860
6862
6863
6865
6866
6867
6868
6869
6870
6871
6872
6873
6874
6875
6876
6877
6878
6879
6880
6881
6882
6883
6884
6885
6886
6887
6888
6890
6891
6892
6894
6895
6897
6898
6899
6900
6901
6902
6903
6904
6905
6907
6908
6909
6910
6911
6913
6915
6916
6917
6919
6920
6921
6923
6924
6925
6926
6927
6928
6929
6932
6934
6935
6936
6938
6939
6940
6943
6944
6945
6948
6949
6950
6954
6975
6992
6993
6996
6997
6999
7001
7003
7004
7005
7006
7007
7008
7009
7010
7011
7012
7013
7014
7015
7018
7019
7020
7021
7022
7024
7025
7026
7027
7029
7030
7031
7032
7033
7035
7036
7037
7038
7039
7040
7041
7042
7043
7044
7045
7046
7048
7049
7050
7051
7052
7054
7056
7057
7058
7059
7060
7064
7066
7067
7068
7069
7070
7071
7072
7073
7074
7075
7076
7077
7078
7079
7080
7082
7083
7084
7086
7087
7088
7089
7090
7091
7092
7093
7094
7095
7096
7097
7098
7099
7100
7101
7102
7108
7111
7112
7113
7114
7122
7123
7124
7125
7126
7128
7130
7132
7133
7134
7135
7136
7137
7138
7139
7140
7141
7142
7143
7145
7148
7150
7153
7155
7156
7157
7158
7159
7161
7163
7164
7165
7166
7167
7168
7169
7170
7171
7172
7173
7174
7175
7177
7178
7179
7180
7181
7182
7184
7185
7186
7187
7188
7189
7200
7201
7203
7204
7220
7223
7225
7227
7247
7248
7249
7251
7252
7253
7257
7259
7262
7263
7264
7265
7266
7268
7270
7272
7273
7274
7275
7276
7277
7278
7280
7283
7284
7287
7288
7289
7290
7291
7292
7293
7294
7295
7296
7297
7298
7299
7301
7305
7306
7307
7311
7316
7317
7319
7320
7321
7322
7323
7324
7325
7326
7327
7328
7329
7332
7334
7335
7336
7337
7341
7342
7345
7347
7349
7350
7351
7352
7353
7355
7356
7357
7358
7360
7363
7364
7365
7366
7367
7368
7369
7371
7372
7374
7375
7376
7378
7379
7380
7381
7384
7385
7386
7388
7389
7390
7391
7392
7398
7399
7401
7402
7403
7404
7407
7408
7409
7410
7411
7412
7414
7415
7416
7417
7419
7421
7422
7423
7424
7425
7428
7429
7430
7431
7432
7433
7434
7436
7439
7441
7442
7443
7444
7447
7448
7450
7453
7454
7456
7458
7461
7462
7464
7465
7466
7468
7471
7472
7473
7474
7475
7476
7477
7478
7479
7480
7481
7482
7483
7484
7485
7486
7490
7494
7498
7503
7504
7507
7508
7511
7512
7514
7515
7516
7517
7518
7520
7525
7528
7529
7531
7532
7533
7534
7535
7536
7538
7539
7541
7543
7544
7545
7546
7547
7549
7551
7552
7553
7554
7555
7556
7559
7561
7562
7564
7565
7566
7567
7568
7569
7570
7571
7572
7574
7576
7579
7580
7581
7582
7584
7586
7587
7589
7592
7593
7594
7596
7621
7625
7626
7627
7629
7633
7634
7637
7638
7639
7643
7644
7652
7673
7675
7678
7681
7690
7691
7692
7693
7694
7695
7697
7699
7700
7701
7702
7703
7704
7705
7706
7707
7709
7710
7711
7712
7716
7718
7727
7728
7730
7733
7737
7738
7741
7743
7745
7746
7748
7750
7752
7753
7755
7756
7757
7760
7761
7762
7763
7766
7767
7768
7769
7770
7771
7772
7773
7775
7776
7779
7780
7781
7782
7783
7784
7786
7791
7799
7803
7804
7809
7812
7813
7818
7827
7832
7837
7840
7841
7846
7849
7852
7855
7862
7866
7869
7871
7873
7874
7879
7881
7884
7903
7905
7913
7915
7917
7918
7919
7922
7941
7942
7957
7975
7976
7978
7979
7991
7994
8001
8013
8019
8021
8022
8027
8028
8029
8030
8031
8036
8038
8048
8050
8061
8065
8073
8074
8078
8079
8082
8085
8086
8087
8089
8091
8092
8100
8106
8110
8115
8120
8125
8128
8131
8139
8140
8148
8161
8165
8170
8175
8178
8187
8189
8190
8192
8193
8195
8200
8202
8204
8208
8209
8218
8224
8226
8227
8233
8237
8239
8241
8242
8243
8260
8273
8277
8284
8287
8288
8289
8290
8291
8292
8293
8294
8295
8301
8309
8310
8312
8313
8314
8315
8317
8318
8320
8321
8322
8323
8324
8325
8326
8328
8329
8330
8331
8332
8334
8335
8336
8337
8338
8339
8340
8341
8342
8343
8344
8345
8346
8347
8348
8349
8350
8351
8352
8353
8354
8355
8356
8357
8358
8359
8360
8361
8362
8363
8364
8365
8366
8367
8368
8370
8379
8394
8395
8396
8398
8399
8403
8404
8405
8406
8407
8408
8409
8411
8417
8419
8424
8425
8427
8428
8431
8434
8435
8437
8438
8439
8440
8443
8444
8445
8446
8447
8448
8449
8450
8451
8452
8453
8454
8455
8456
8458
8459
8460
8462
8463
8464
8467
8468
8470
8471
8473
8476
8477
8480
8481
8482
8483
8484
8487
8490
8492
8493
8496
8498
8499
8500
8501
8502
8503
8504
8505
8506
8509
8513
8514
8515
8516
8517
8518
8520
8521
8522
8525
8526
8527
8528
8529
8530
8531
8532
8533
8536
8538
8539
8540
8541
8542
8543
8544
8546
8547
8548
8549
8550
8553
8554
8555
8556
8557
8559
8560
8562
8564
8565
8566
8567
8568
8569
8570
8572
8573
8574
8575
8576
8578
8600
8602
8604
8607
8608
8609
8611
8612
8613
8615
8618
8621
8622
8623
8625
8626
8629
8630
8633
8634
8635
8639
8642
8643
8644
8645
8646
8647
8648
8649
8650
8651
8653
8655
8658
8659
8660
8661
8662
8663
8664
8665
8666
8667
8668
8669
8671
8672
8673
8674
8675
8676
8677
8678
8682
8683
8685
8690
8694
8697
8698
8701
8702
8703
8704
8705
8706
8707
8708
8710
8714
8717
8718
8720
8721
8722
8723
8724
8725
8726
8728
8729
8731
8732
8733
8735
8737
8738
8739
8740
8741
8742
8743
8744
8745
8747
8751
8754
8760
8761
8764
8766
8767
8772
8773
8774
8775
8776
8777
8784
8786
8787
8788
8789
8792
8793
8794
8795
8796
8797
8798
8799
8800
8801
8802
8803
8805
8807
8808
8809
8811
8812
8813
8815
8817
8820
8821
8822
8823
8825
8826
8828
8829
8831
8833
8836
8837
8838
8839
8840
8841
8842
8843
8844
8848
8850
8851
8852
8854
8856
8861
8862
8863
8864
8867
8869
8871
8872
8874
8875
8876
8877
8878
8879
8880
8881
8882
8883
8884
8886
8887
8888
8890
8891
8892
8893
8894
8895
8896
8897
8898
8899
8900
8904
8905
8906
8907
8908
8910
8911
8912
8913
8914
8915
8916
8924
8925
8927
8928
8929
8930
8932
8936
8939
8940
8941
8942
8943
8945
8968
8969
8970
8972
8973
8974
8975
8976
8985
8986
8988
8989
8991
8992
8993
8994
8996
8997
9001
9002
9016
9020
9021
9022
9024
9026
9028
9031
9033
9034
9037
9039
9040
9043
9044
9045
9046
9047
9048
9049
9050
9051
9052
9053
9054
9055
9056
9057
9058
9060
9061
9063
9064
9066
9068
9070
9076
9079
9085
9086
9088
9092
9093
9094
9095
9096
9097
9098
9099
9100
9101
9103
9104
9107
9108
9110
9111
9112
9113
9114
9118
9119
9120
9121
9122
9123
9124
9125
9126
9128
9129
9130
9131
9132
9133
9134
9135
9136
9138
9139
9140
9141
9145
9146
9147
9148
9149
9150
9152
9153
9154
9156
9158
9159
9170
9173
9175
9179
9180
9182
9183
9184
9187
9188
9191
9194
9196
9197
9200
9201
9202
9203
9204
9208
9209
9210
9211
9212
9213
9215
9217
9218
9219
9221
9223
9227
9228
9229
9230
9231
9232
9241
9242
9244
9247
9248
9249
9252
9253
9254
9255
9260
9261
9262
9265
9266
9267
9270
9271
9274
9275
9276
9277
9278
9282
9283
9289
9290
9294
9295
9296
9306
9308
9310
9311
9312
9313
9314
9317
9318
9319
9320
9321
9322
9324
9325
9328
9330
9331
9333
9334
9337
9341
9342
9343
9344
9348
9349
9350
9351
9353
9355
9356
9360
9361
9362
9365
9368
9369
9370
9371
9372
9373
9374
9375
9376
9377
9378
9379
9380
9381
9382
9388
9389
9390
9391
9394
9397
9399
9400
9401
9402
9404
9409
9410
9411
9412
9414
9415
9416
9419
9420
9421
9422
9423
9424
9425
9426
9427
9429
9435
9437
9439
9440
9442
9443
9444
9445
9446
9448
9450
9451
9452
9453
9454
9455
9456
9457
9459
9462
9463
9464
9466
9467
9468
9469
9470
9472
9474
9475
9476
9477
9479
9480
9482
9486
9487
9488
9489
9493
9495
9496
9497
9498
9499
9501
9507
9509
9510
9512
9513
9514
9515
9516
9517
9518
9519
9520
9521
9522
9524
9525
9526
9527
9530
9531
9532
9533
9534
9536
9538
9540
9541
9542
9543
9545
9546
9547
9550
9551
9554
9555
9557
9559
9562
9563
9564
9567
9568
9569
9570
9572
9573
9575
9576
9578
9580
9581
9582
9583
9584
9586
9588
9589
9590
9592
9595
9600
9601
9603
9604
9607
9609
9610
9611
9612
9615
9616
9617
9618
9619
9620
9622
9627
9628
9630
9631
9632
9635
9637
9638
9639
9640
9641
9643
9645
9646
9647
9648
9649
9650
9651
9652
9653
9655
9657
9659
9663
9665
9667
9668
9669
9671
9672
9673
9675
9677
9678
9679
9681
9682
9685
9688
9690
9693
9694
9695
9696
9697
9698
9699
9700
9701
9702
9703
9704
9705
9706
9709
9711
9712
9716
9717
9718
9719
9723
9724
9725
9726
9727
9728
9730
9731
9732
9733
9734
9735
9739
9741
9742
9743
9744
9746
9749
9753
9754
9758
9759
9760
9765
9767
9770
9772
9775
9777
9779
9781
9782
9785
9789
9790
9791
9793
9794
9798
9801
9802
9804
9807
9810
9811
9815
9817
9818
9819
9820
9821
9824
9826
9827
9828
9829
9831
9833
9836
9837
9839
9841
9842
9843
9844
9846
9856
9860
9861
9862
9863
9866
9868
9869
9871
9873
9874
9875
9878
9879
9881
9882
9885
9887
9889
9891
9892
9894
9895
9896
9897
9898
9899
9900
9902
9903
9904
9907
9908
9909
9910
9911
9912
9914
9915
9917
9918
9919
9920
9921
9922
9923
9924
9926
9927
9928
9931
9933
9935
9937
9938
9939
9942
9943
9945
9946
9948
9949
9950
9951
9953
9955
9956
9957
9958
9961
9962
9963
9965
9968
9969
9970
9971
9972
9973
9975
9978
9980
9984
9985
9986
9987
9988
9989
9990
9991
9992
9997
10000
10001
10002
10003
10004
10005
10006
10007
10008
10009
10011
10013
10014
10015
10016
10017
10018
10019
10020
10021
10022
10023
10026
10036
10038
10039
10043
10046
10048
10049
10050
10051
10052
10053
10054
10055
10056
10057
10058
10059
10060
10061
10062
10063
10072
10073
10075
10076
10077
10079
10082
10083
10084
10087
10089
10092
10093
10094
10095
10096
10097
10101
10102
10105
10106
10109
10110
10111
10113
10114
10116
10117
10120
10121
10124
10125
10127
10128
10129
10130
10131
10133
10134
10135
10137
10138
10139
10140
10142
10144
10146
10148
10149
10150
10152
10153
10154
10155
10156
10157
10159
10161
10162
10163
10164
10165
10166
10168
10169
10170
10171
10172
10174
10175
10178
10179
10181
10188
10189
10190
10193
10194
10195
10196
10197
10199
10200
10203
10204
10206
10207
10209
10210
10211
10212
10213
10215
10216
10217
10218
10220
10221
10224
10225
10226
10227
10228
10229
10231
10232
10235
10236
10237
10238
10239
10243
10244
10245
10246
10247
10248
10250
10251
10252
10253
10254
10256
10257
10260
10262
10265
10266
10267
10268
10269
10270
10272
10273
10274
10276
10277
10278
10279
10280
10282
10283
10284
10285
10286
10288
10289
10291
10293
10294
10295
10296
10297
10298
10299
10307
10308
10311
10312
10313
10314
10317
10319
10320
10321
10322
10325
10327
10328
10331
10332
10333
10335
10336
10345
10347
10349
10350
10352
10360
10361
10362
10363
10365
10368
10369
10370
10371
10376
10379
10380
10381
10382
10383
10388
10390
10391
10392
10393
10395
10396
10397
10398
10399
10400
10401
10403
10409
10412
10413
10417
10418
10419
10423
10424
10425
10426
10427
10428
10430
10432
10434
10436
10437
10439
10440
10443
10444
10445
10446
10449
10450
10451
10452
10454
10455
10456
10457
10459
10460
10461
10462
10463
10465
10466
10467
10468
10469
10471
10472
10476
10477
10479
10480
10481
10482
10483
10484
10486
10487
10490
10491
10492
10494
10495
10497
10498
10499
10500
10501
10507
10512
10513
10516
10518
10519
10520
10521
10522
10523
10524
10525
10526
10527
10528
10529
10531
10533
10535
10537
10539
10540
10541
10544
10548
10549
10550
10552
10553
10554
10555
10556
10558
10559
10560
10563
10564
10565
10567
10568
10569
10570
10573
10574
10575
10576
10577
10579
10580
10585
10586
10587
10588
10589
10592
10594
10595
10598
10599
10600
10603
10605
10606
10607
10608
10610
10611
10612
10614
10615
10616
10617
10620
10621
10622
10623
10625
10627
10628
10630
10631
10632
10634
10636
10637
10640
10641
10642
10643
10644
10645
10650
10651
10652
10653
10654
10655
10657
10658
10659
10660
10661
10663
10664
10667
10670
10671
10672
10673
10675
10677
10678
10681
10682
10683
10686
10690
10693
10694
10695
10699
10713
10714
10715
10716
10717
10718
10720
10721
10723
10724
10725
10726
10728
10730
10733
10734
10735
10736
10743
10744
10746
10747
10749
10750
10752
10753
10755
10758
10762
10763
10765
10766
10767
10768
10769
10771
10772
10773
10775
10776
10777
10780
10781
10782
10783
10785
10786
10787
10788
10793
10794
10795
10797
10800
10801
10802
10803
10804
10808
10810
10813
10814
10815
10817
10818
10825
10838
10840
10841
10842
10844
10845
10846
10847
10848
10856
10857
10858
10859
10861
10864
10865
10868
10873
10874
10875
10878
10885
10887
10888
10890
10891
10892
10893
10894
10897
10898
10905
10907
10908
10910
10912
10913
10914
10915
10919
10920
10921
10923
10924
10928
10929
10930
10933
10934
10935
10938
10939
10940
10941
10943
10945
10946
10947
10948
10951
10952
10953
10955
10959
10960
10961
10963
10965
10966
10969
10971
10972
10973
10978
10979
10980
10981
10982
10983
10984
10985
10987
10988
10989
10990
10992
10993
10994
10998
10999
11000
11001
11004
11005
11007
11010
11011
11014
11015
11016
11017
11018
11019
11023
11024
11025
11026
11027
11030
11034
11035
11036
11037
11040
11041
11043
11044
11046
11047
11051
11052
11055
11056
11057
11059
11060
11061
11062
11063
11065
11069
11070
11072
11073
11075
11076
11078
11079
11080
11081
11083
11091
11093
11094
11096
11100
11101
11103
11104
11107
11108
11112
11113
11116
11117
11122
11123
11124
11127
11128
11129
11131
11132
11136
11137
11140
11141
11143
11144
11146
11149
11151
11152
11154
11155
11156
11157
11160
11161
11162
11163
11164
11165
11167
11168
11169
11171
11172
11173
11176
11177
11178
11180
11181
11182
11183
11184
11186
11187
11189
11190
11193
11196
11197
11198
11199
11200
11201
11202
11211
11212
11213
11216
11218
11221
11222
11224
11230
11231
11232
11234
11235
11236
11238
11244
11248
11251
11253
11254
11255
11260
11261
11266
11267
11269
11273
11274
11275
11277
11278
11279
11280
11281
11283
11284
11285
11311
11313
11315
11316
11317
11319
11320
11321
11322
11325
11328
11329
11330
11331
11334
11335
11336
11337
11338
11342
11343
11344
11345
11346
22794
22795
22796
22797
22798
22800
22801
22803
22806
22807
22808
22818
22820
22821
22822
22823
22824
22827
22828
22829
22834
22835
22838
22839
22841
22843
22845
22847
22848
22849
22852
22853
22856
22858
22859
22861
22862
22863
22864
22865
22866
22868
22869
22870
22871
22872
22873
22874
22875
22877
22878
22879
22881
22883
22885
22890
22891
22894
22895
22901
22904
22905
22906
22908
22909
22914
22916
22917
22918
22919
22920
22921
22924
22925
22926
22927
22928
22929
22930
22931
22933
22934
22936
22937
22938
22941
22943
22944
22948
22949
22950
22953
22954
22955
22976
22977
22978
22979
22982
22983
22984
22985
22986
22987
22989
22990
22992
22994
22995
22996
22997
22999
23001
23002
23005
23007
23008
23011
23012
23013
23016
23017
23019
23020
23022
23023
23025
23028
23029
23030
23031
23033
23035
23038
23039
23040
23041
23043
23047
23048
23049
23053
23054
23057
23059
23060
23062
23063
23064
23065
23066
23067
23070
23071
23074
23075
23076
23077
23080
23081
23085
23086
23087
23089
23090
23091
23092
23093
23095
23096
23097
23098
23099
23102
23108
23111
23113
23114
23118
23120
23122
23125
23127
23129
23130
23132
23133
23136
23137
23139
23141
23142
23143
23148
23149
23152
23154
23157
23160
23161
23162
23163
23165
23167
23168
23169
23171
23173
23175
23176
23178
23179
23181
23184
23186
23189
23190
23191
23192
23193
23194
23195
23197
23198
23203
23204
23205
23208
23209
23210
23211
23212
23213
23214
23216
23217
23218
23219
23220
23223
23224
23225
23228
23229
23230
23233
23234
23236
23237
23239
23241
23242
23243
23244
23246
23248
23253
23254
23256
23258
23259
23261
23262
23265
23266
23269
23271
23275
23277
23279
23281
23283
23284
23286
23287
23291
23293
23294
23295
23299
23300
23301
23302
23304
23305
23308
23309
23310
23312
23314
23315
23316
23317
23318
23321
23322
23326
23327
23328
23332
23333
23338
23339
23341
23344
23345
23352
23353
23355
23358
23361
23362
23363
23365
23367
23368
23369
23371
23378
23381
23383
23384
23385
23389
23390
23392
23395
23396
23397
23398
23399
23400
23401
23404
23405
23408
23409
23410
23411
23413
23414
23415
23416
23417
23418
23420
23423
23424
23426
23428
23429
23431
23432
23435
23438
23439
23440
23443
23446
23450
23451
23452
23456
23457
23460
23461
23462
23463
23464
23467
23468
23471
23473
23474
23475
23476
23478
23479
23480
23481
23483
23484
23493
23495
23498
23499
23500
23503
23505
23509
23510
23512
23513
23515
23517
23518
23519
23520
23521
23522
23523
23526
23527
23529
23530
23531
23534
23536
23539
23541
23542
23543
23544
23545
23547
23549
23550
23551
23552
23554
23556
23557
23558
23560
23562
23563
23564
23566
23569
23576
23581
23582
23583
23585
23586
23590
23592
23594
23595
23597
23598
23600
23603
23607
23608
23609
23613
23616
23619
23620
23621
23624
23626
23627
23632
23633
23635
23636
23637
23639
23643
23644
23647
23648
23649
23654
23657
23658
23659
23660
23673
23676
23678
23682
23683
23705
23708
23710
23731
23743
23746
23753
23759
23760
23761
23762
23764
23765
23767
23770
23774
23779
23784
23787
23788
24137
24140
24142
24144
24146
24147
24148
25759
25766
25769
25771
25776
25777
25780
25782
25788
25791
25793
25794
25796
25797
25799
25800
25801
25803
25804
25805
25806
25813
25814
25816
25819
25820
25821
25822
25824
25825
25827
25828
25829
25830
25831
25833
25836
25839
25840
25841
25842
25850
25851
25853
25861
25865
25873
25874
25879
25884
25885
25886
25888
25894
25895
25896
25902
25904
25909
25913
25914
25915
25917
25921
25923
25925
25928
25929
25930
25932
25937
25938
25939
25940
25942
25945
25946
25949
25953
25956
25957
25962
25963
25970
25972
25973
25974
25976
25977
25978
25980
25981
25983
25988
25989
25994
25996
25998
26001
26002
26007
26011
26012
26013
26015
26017
26018
26019
26020
26024
26031
26033
26035
26038
26039
26040
26043
26047
26048
26050
26051
26052
26053
26054
26056
26057
26058
26059
26061
26063
26065
26073
26086
26088
26090
26091
26100
26115
26118
26119
26121
26122
26123
26127
26128
26130
26135
26136
26137
26140
26145
26146
26147
26149
26152
26154
26155
26156
26160
26164
26173
26191
26224
26225
26227
26229
26230
26232
26233
26235
26240
26249
26253
26254
26256
26257
26258
26259
26260
26266
26268
26270
26271
26273
26275
26276
26277
26278
26279
26281
26284
26286
26297
26330
26353
26354
26355
26468
26470
26472
26502
26503
26504
26509
26511
26512
26517
26519
26520
26521
26523
26524
26525
26528
26548
26574
26576
26577
26578
26580
26585
26589
26610
26751
26762
26873
26953
26958
26960
26973
26974
26985
26986
26994
26999
27000
27005
27006
27010
27012
27019
27020
27022
27023
27030
27031
27032
27033
27034
27035
27037
27039
27040
27042
27044
27067
27068
27069
27071
27072
27074
27075
27077
27079
27086
27087
27089
27091
27092
27095
27101
27102
27106
27107
27113
27115
27122
27123
27124
27125
27127
27128
27130
27131
27132
27133
27134
27136
27141
27143
27148
27152
27153
27154
27158
27159
27161
27164
27165
27166
27173
27175
27183
27185
27189
27197
27202
27229
27230
27231
27232
27233
27235
27236
27238
27240
27241
27242
27243
27244
27247
27249
27250
27252
27255
27257
27258
27283
27284
27285
27286
27287
27288
27292
27293
27294
27295
27297
27300
27301
27302
27303
27304
27306
27309
27316
27319
27324
27329
27330
27332
27336
27338
27339
27340
27341
27342
27343
27345
27346
27347
27348
27350
27352
27429
27430
27433
27434
27440
27445
28232
28234
28316
28513
28514
28951
28952
28956
28957
28959
28960
28962
28964
28965
28969
28972
28973
28976
28977
28981
28982
28985
28987
28988
28989
28990
28996
28998
28999
29015
29028
29035
29071
29072
29074
29078
29079
29080
29081
29082
29083
29085
29088
29093
29095
29097
29098
29100
29101
29102
29103
29104
29107
29108
29110
29114
29116
29117
29118
29119
29123
29126
29127
29128
29760
29761
29763
29765
29766
29767
29775
29777
29780
29781
29785
29789
29796
29799
29801
29803
29841
29842
29843
29850
29851
29880
29881
29882
29883
29886
29888
29889
29890
29893
29894
29895
29896
29899
29901
29911
29914
29920
29924
29925
29926
29927
29928
29929
29933
29934
29935
29942
29947
29948
29954
29956
29958
29959
29960
29965
29966
29967
29968
29970
29974
29978
29979
29980
29982
29985
29986
29988
29994
29997
30000
30001
30008
30009
30010
30011
30012
30061
30062
30812
30813
30814
30817
30818
30819
30820
30827
30832
30834
30835
30836
30837
30844
30845
30846
30849
30851
30968
49855
50484
50485
50488
50489
50506
50507
50508
50511
50515
50613
50615
50617
50618
50619
50624
50626
50636
50640
50649
50650
50651
50674
50700
50801
50804
50805
50808
50810
50813
50814
50833
50846
50848
50852
50853
50855
50856
50861
50862
50863
50937
50939
50940
50943
50944
50945
50964
50999
51000
51002
51003
51004
51005
51006
51008
51009
51010
51012
51013
51014
51016
51018
51019
51020
51021
51022
51023
51024
51025
51026
51027
51028
51029
51030
51031
51032
51035
51042
51043
51050
51053
51056
51057
51058
51059
51061
51062
51065
51067
51068
51069
51070
51071
51072
51073
51074
51075
51076
51077
51079
51082
51083
51085
51087
51088
51091
51093
51094
51095
51096
51098
51099
51100
51102
51103
51106
51107
51109
51111
51112
51114
51115
51116
51117
51118
51119
51121
51123
51124
51125
51126
51128
51129
51131
51133
51135
51138
51141
51142
51143
51144
51147
51148
51151
51154
51160
51162
51163
51164
51166
51167
51168
51170
51171
51176
51179
51184
51185
51187
51191
51194
51196
51200
51201
51202
51203
51204
51206
51207
51218
51224
51226
51232
51234
51236
51241
51246
51247
51251
51253
51255
51256
51257
51258
51259
51260
51264
51266
51267
51268
51270
51271
51272
51274
51276
51284
51286
51287
51290
51291
51292
51293
51294
51295
51296
51298
51300
51303
51305
51306
51310
51312
51314
51316
51317
51318
51324
51330
51332
51333
51339
51340
51341
51343
51347
51351
51360
51361
51362
51364
51366
51367
51371
51372
51373
51375
51377
51380
51382
51384
51385
51388
51389
51390
51397
51398
51399
51400
51409
51412
51421
51422
51426
51427
51428
51429
51433
51434
51440
51447
51449
51450
51451
51454
51455
51458
51463
51466
51477
51478
51479
51490
51491
51493
51495
51499
51501
51503
51504
51507
51510
51513
51514
51517
51520
51522
51523
51527
51529
51531
51537
51540
51542
51545
51547
51548
51552
51554
51555
51557
51560
51561
51564
51567
51571
51574
51575
51582
51585
51586
51588
51592
51593
51594
51596
51599
51601
51602
51604
51605
51606
51608
51611
51614
51616
51619
51621
51622
51626
51629
51631
51633
51634
51637
51642
51643
51645
51647
51649
51650
51651
51652
51654
51655
51659
51660
51661
51663
51665
51667
51673
51676
51678
51684
51686
51690
51692
51693
51696
51699
51700
51701
51703
51706
51710
51715
51719
51726
51727
51728
51733
51735
51738
51741
51742
51744
51747
51750
51751
51752
51755
51761
51762
51763
51764
51765
51773
51776
51778
51780
51804
51805
51807
51809
51816
53335
53342
53344
53347
53353
53354
53358
53371
53373
53405
53615
53616
53630
53632
53635
53637
53828
53831
53833
53834
53904
53905
53918
53919
53938
53940
53942
53944
53947
53981
54014
54020
54039
54093
54101
54102
54103
54106
54107
54108
54165
54205
54206
54207
54209
54331
54332
54344
54345
54346
54361
54363
54413
54414
54432
54433
54434
54437
54438
54439
54440
54442
54443
54453
54454
54456
54457
54460
54463
54464
54467
54468
54469
54472
54475
54477
54480
54482
54487
54490
54492
54495
54497
54498
54499
54502
54503
54504
54507
54511
54512
54514
54516
54517
54518
54521
54529
54536
54541
54542
54543
54549
54551
54552
54554
54555
54556
54557
54566
54567
54575
54576
54577
54578
54579
54583
54584
54600
54602
54606
54617
54620
54623
54629
54657
54658
54659
54662
54663
54665
54674
54675
54676
54677
54680
54700
54704
54707
54714
54715
54716
54726
54729
54732
54737
54738
54741
54753
54756
54757
54758
54760
54762
54764
54768
54769
54778
54780
54784
54788
54790
54795
54796
54797
54798
54799
54800
54802
54805
54806
54807
54808
54809
54810
54811
54814
54815
54820
54821
54822
54828
54829
54831
54832
54840
54843
54845
54853
54855
54862
54865
54866
54867
54868
54869
54872
54874
54878
54880
54881
54882
54883
54887
54888
54892
54896
54898
54901
54902
54903
54904
54905
54914
54920
54925
54926
54927
54928
54932
54936
54938
54939
54942
54943
54947
54948
54949
54953
54960
54963
54968
54973
54974
54977
54978
54981
54982
54984
54987
54989
54993
54994
54995
54996
55002
55003
55005
55008
55011
55012
55014
55015
55016
55020
55023
55024
55027
55031
55033
55034
55035
55036
55040
55048
55052
55054
55062
55065
55066
55068
55070
55074
55075
55079
55081
55084
55093
55094
55100
55102
55103
55107
55110
55113
55114
55116
55117
55119
55120
55122
55124
55127
55129
55131
55132
55133
55135
55137
55139
55140
55143
55145
55147
55149
55151
55152
55153
55154
55157
55159
55160
55161
55163
55164
55168
55172
55173
55176
55182
55186
55187
55188
55190
55191
55192
55193
55196
55197
55199
55200
55201
55204
55206
55207
55208
55210
55212
55213
55214
55215
55217
55218
55219
55224
55226
55227
55229
55233
55234
55237
55239
55240
55243
55244
55245
55246
55250
55253
55254
55256
55258
55259
55269
55270
55272
55274
55275
55276
55277
55278
55280
55283
55284
55288
55291
55294
55299
55300
55303
55304
55308
55311
55312
55314
55315
55316
55322
55323
55324
55325
55326
55327
55330
55331
55333
55334
55339
55341
55342
55343
55345
55346
55349
55351
55353
55356
55357
55359
55361
55362
55364
55366
55379
55388
55422
55432
55450
55466
55486
55500
55502
55503
55504
55505
55508
55510
55512
55515
55521
55526
55527
55530
55532
55534
55544
55552
55553
55556
55558
55561
55567
55568
55572
55573
55577
55578
55584
55585
55586
55588
55589
55591
55596
55603
55605
55607
55610
55612
55613
55614
55617
55620
55621
55622
55623
55624
55626
55627
55628
55629
55630
55631
55633
55636
55638
55640
55644
55646
55650
55651
55652
55654
55659
55660
55661
55663
55666
55667
55669
55670
55671
55676
55677
55679
55681
55683
55686
55687
55690
55692
55693
55695
55696
55697
55698
55699
55700
55702
55703
55704
55705
55706
55707
55711
55713
55714
55716
55718
55720
55723
55726
55727
55728
55733
55734
55735
55737
55738
55739
55740
55741
55742
55743
55748
55749
55751
55752
55753
55754
55755
55756
55757
55758
55759
55760
55761
55762
55763
55764
55766
55768
55769
55770
55773
55775
55777
55779
55781
55783
55784
55786
55788
55793
55795
55796
55798
55799
55800
55802
55806
55811
55812
55814
55818
55821
55823
55824
55827
55830
55831
55832
55833
55835
55837
55840
55841
55843
55844
55845
55847
55850
55851
55854
55856
55858
55859
55860
55867
55871
55879
55885
55888
55892
55897
55898
55900
55902
55906
55909
55915
55916
55920
55922
55929
55930
55937
55957
55959
55964
55968
55970
55972
55973
55974
55975
55997
55998
56000
56001
56033
56034
56052
56062
56114
56134
56135
56147
56155
56159
56163
56165
56171
56172
56242
56243
56244
56246
56254
56257
56262
56265
56267
56270
56288
56301
56302
56311
56339
56341
56342
56474
56479
56521
56603
56604
56605
56606
56616
56623
56624
56647
56648
56652
56654
56655
56658
56659
56676
56681
56683
56704
56729
56751
56776
56848
56851
56852
56853
56886
56893
56894
56895
56896
56897
56898
56899
56901
56902
56903
56904
56907
56910
56912
56913
56915
56916
56917
56919
56922
56923
56925
56926
56928
56929
56931
56934
56938
56941
56943
56944
56945
56948
56949
56952
56954
56955
56956
56957
56963
56970
56975
56979
56980
56983
56987
56990
56992
56993
56994
56996
56997
56998
56999
57001
57003
57007
57010
57016
57017
57018
57019
57020
57026
57030
57038
57045
57047
57048
57050
57054
57055
57057
57060
57062
57084
57088
57089
57094
57096
57101
57102
57104
57105
57107
57109
57115
57116
57118
57120
57122
57124
57125
57127
57128
57129
57130
57132
57134
57135
57136
57139
57142
57143
57144
57148
57150
57152
57153
57154
57156
57158
57159
57161
57162
57165
57167
57171
57172
57175
57176
57178
57180
57181
57182
57187
57188
57189
57190
57192
57194
57198
57205
57209
57210
57211
57213
57216
57217
57223
57224
57231
57232
57282
57325
57332
57333
57335
57336
57338
57343
57369
57379
57380
57393
57396
57406
57409
57410
57418
57419
57446
57447
57448
57449
57451
57452
57453
57455
57458
57459
57460
57461
57464
57465
57466
57468
57472
57474
57475
57476
57477
57486
57488
57491
57492
57493
57494
57496
57497
57498
57502
57504
57505
57506
57507
57508
57509
57510
57511
57515
57521
57526
57528
57531
57534
57537
57539
57541
57542
57545
57546
57547
57549
57551
57552
57553
57555
57556
57560
57561
57567
57569
57570
57572
57573
57575
57576
57578
57579
57580
57584
57589
57590
57591
57593
57597
57599
57602
57604
57605
57609
57610
57615
57616
57617
57619
57620
57623
57626
57628
57630
57631
57633
57634
57636
57644
57645
57647
57655
57657
57661
57663
57665
57666
57669
57674
57677
57678
57679
57680
57684
57689
57693
57695
57696
57697
57699
57703
57704
57705
57709
57711
57713
57716
57718
57719
57721
57724
57727
57728
57730
57731
57733
57761
57786
57787
57799
57801
57805
57817
57819
57820
57822
57826
57834
57835
58155
58157
58158
58189
58190
58191
58472
58473
58477
58478
58484
58485
58488
58490
58491
58492
58494
58495
58497
58498
58499
58500
58504
58505
58508
58509
58510
58511
58512
58513
58517
58524
58528
58538
59067
59084
59269
59272
59283
59284
59286
59307
59335
59338
59340
59341
59343
59344
59345
59348
59349
59350
59353
60314
60386
60401
60412
60436
60468
60481
60482
60484
60485
60487
60488
60489
60490
60491
60492
60495
60496
60506
60528
60529
60558
60559
60560
60561
60592
60598
60625
60626
60675
60678
60681
60682
60684
63027
63036
63826
63827
63874
63875
63876
63891
63893
63894
63904
63906
63908
63915
63916
63917
63922
63923
63925
63928
63929
63931
63932
63933
63934
63935
63946
63950
63951
63967
63973
63974
63976
63977
63979
63982
64005
64062
64064
64065
64067
64072
64078
64080
64081
64083
64084
64087
64091
64092
64093
64094
64096
64098
64101
64102
64109
64114
64118
64121
64122
64127
64129
64130
64131
64132
64135
64137
64145
64146
64151
64170
64172
64174
64175
64180
64207
64210
64211
64218
64220
64221
64223
64224
64225
64236
64240
64241
64282
64285
64288
64318
64320
64321
64324
64326
64327
64332
64333
64344
64359
64374
64375
64376
64395
64398
64399
64400
64412
64417
64419
64421
64422
64423
64425
64426
64428
64431
64432
64434
64446
64478
64499
64506
64579
64581
64598
64599
64600
64601
64641
64645
64651
64682
64699
64708
64711
64714
64718
64744
64745
64750
64756
64757
64759
64763
64764
64768
64771
64772
64777
64779
64781
64783
64785
64786
64787
64788
64793
64794
64795
64801
64802
64805
64806
64816
64834
64837
64840
64841
64843
64844
64848
64849
64850
64853
64854
64858
64859
64863
64895
64900
64901
64902
64919
64924
64928
64946
64949
64951
64960
64963
64965
64969
64976
64978
64979
64981
64983
65003
65005
65008
65009
65010
65018
65055
65057
65059
65062
65078
65080
65082
65083
65084
65094
65095
65108
65109
65110
65117
65123
65124
65125
65217
65220
65243
65251
65258
65263
65265
65266
65267
65268
65979
65980
65981
65982
65986
65991
65992
65993
65997
66002
66004
66008
66035
66036
66037
78986
78987
78989
78991
78992
79001
79005
79008
79009
79012
79018
79026
79027
79031
79034
79035
79036
79039
79041
79042
79047
79048
79050
79053
79054
79058
79065
79066
79068
79071
79075
79080
79083
79084
79087
79088
79090
79094
79109
79133
79135
79139
79140
79144
79147
79149
79152
79153
79154
79155
79157
79158
79168
79171
79175
79176
79180
79183
79188
79190
79191
79192
79228
79230
79258
79365
79369
79400
79441
79443
79444
79570
79572
79573
79576
79577
79581
79582
79585
79586
79587
79590
79591
79594
79595
79600
79602
79603
79608
79609
79612
79618
79621
79622
79624
79626
79628
79631
79633
79641
79642
79643
79644
79646
79647
79648
79650
79651
79657
79658
79659
79660
79661
79666
79670
79673
79674
79677
79679
79683
79692
79693
79695
79699
79705
79707
79709
79710
79711
79716
79717
79718
79720
79723
79724
79726
79727
79728
79729
79730
79731
79733
79734
79735
79738
79744
79751
79752
79753
79755
79759
79767
79772
79774
79776
79778
79783
79784
79788
79796
79797
79799
79801
79803
79809
79811
79813
79814
79817
79818
79827
79828
79829
79831
79836
79840
79841
79842
79847
79850
79862
79866
79867
79868
79869
79871
79873
79877
79882
79885
79887
79888
79890
79891
79892
79894
79895
79896
79898
79901
79902
79903
79912
79913
79918
79922
79923
79930
79933
79934
79937
79939
79943
79944
79947
79954
79955
79956
79960
79962
79966
79968
79969
79971
79973
79977
79981
79982
79983
79989
79991
79993
80000
80004
80005
80010
80012
80014
80018
80024
80025
80031
80032
80036
80045
80067
80070
80095
80108
80110
80114
80119
80122
80135
80139
80142
80143
80144
80145
80146
80148
80149
80153
80155
80157
80162
80167
80168
80174
80176
80177
80184
80198
80199
80201
80204
80205
80206
80207
80208
80213
80218
80219
80221
80223
80224
80227
80228
80232
80235
80237
80243
80255
80258
80264
80270
80271
80273
80274
80298
80303
80305
80308
80314
80315
80317
80320
80321
80324
80325
80326
80331
80332
80333
80335
80336
80339
80343
80344
80345
80347
80349
80351
80380
80381
80704
80712
80714
80725
80736
80746
80755
80762
80765
80772
80776
80777
80778
80781
80789
80818
80824
80834
80835
80851
80852
80853
80856
80896
81027
81029
81031
81033
81034
81490
81501
81502
81532
81533
81537
81542
81543
81551
81553
81554
81555
81562
81565
81576
81577
81579
81605
81606
81607
81608
81609
81611
81614
81616
81617
81618
81620
81622
81624
81626
81627
81669
81689
81693
81704
81706
81786
81789
81790
81792
81793
81794
81796
81831
81832
81839
81846
81847
81848
81853
81855
81856
81857
81858
81871
81873
81876
81889
81894
81928
81929
81930
81931
81932
83394
83401
83439
83440
83447
83451
83460
83461
83463
83464
83468
83475
83480
83482
83483
83540
83544
83548
83549
83552
83592
83593
83594
83595
83604
83605
83607
83636
83637
83642
83657
83658
83660
83690
83693
83696
83697
83699
83700
83706
83707
83715
83716
83719
83723
83729
83732
83733
83734
83737
83741
83743
83744
83746
83752
83755
83756
83759
83786
83795
83844
83850
83852
83853
83854
83855
83858
83860
83862
83871
83872
83875
83881
83891
83892
83893
83932
83933
83937
83939
83940
83943
83959
83983
83985
83987
83988
83989
83990
84000
84002
84056
84057
84058
84059
84061
84062
84063
84065
84068
84072
84076
84081
84084
84100
84105
84106
84107
84108
84124
84132
84133
84134
84135
84138
84140
84146
84148
84152
84153
84154
84159
84162
84168
84172
84179
84181
84186
84188
84189
84193
84196
84203
84210
84219
84220
84229
84232
84233
84239
84243
84245
84246
84249
84250
84254
84259
84264
84265
84267
84273
84274
84275
84280
84282
84285
84287
84289
84290
84292
84294
84295
84296
84301
84303
84307
84311
84313
84315
84320
84321
84324
84326
84333
84337
84340
84342
84343
84364
84365
84376
84417
84433
84436
84440
84444
84446
84447
84448
84449
84451
84456
84458
84464
84465
84466
84467
84501
84503
84504
84513
84514
84515
84516
84518
84519
84522
84525
84527
84528
84530
84545
84548
84549
84552
84553
84560
84561
84569
84572
84612
84614
84617
84619
84622
84623
84627
84631
84634
84641
84643
84647
84649
84656
84661
84662
84666
84667
84668
84669
84671
84675
84676
84678
84679
84680
84681
84687
84693
84694
84696
84699
84701
84705
84706
84707
84717
84720
84727
84733
84735
84747
84749
84752
84759
84765
84775
84779
84787
84790
84803
84804
84807
84811
84812
84816
84817
84823
84826
84838
84839
84844
84858
84867
84868
84870
84872
84873
84874
84876
84878
84883
84889
84890
84891
84894
84896
84898
84904
84905
84910
84911
84912
84914
84916
84920
84922
84924
84929
84930
84932
84938
84940
84941
84944
84945
84946
84947
84950
84955
84961
84962
84967
84969
84971
84976
84988
84991
85002
85004
85007
85015
85019
85235
85236
85289
85290
85300
85301
85313
85315
85320
85358
85365
85366
85369
85377
85403
85407
85409
85413
85415
85416
85417
85439
85445
85451
85455
85461
85462
85463
85464
85465
85474
85476
85477
85478
85479
85508
85509
87178
88455
88745
89765
89777
89778
89780
89781
89782
89790
89795
89796
89797
89822
89839
89845
89846
89848
89853
89857
89866
89872
89874
89882
89884
89887
89891
89910
89932
89941
89953
89958
89978
90007
90025
90075
90121
90134
90161
90167
90196
90233
90249
90316
90317
90321
90333
90338
90342
90353
90381
90407
90410
90411
90423
90441
90459
90485
90522
90527
90550
90576
90580
90589
90592
90594
90627
90634
90637
90639
90649
90655
90665
90678
90701
90780
90827
90864
90874
90952
90956
90987
90990
90993
91012
91039
91074
91120
91133
91137
91147
91151
91179
91181
91227
91252
91319
91373
91392
91404
91408
91419
91445
91452
91464
91526
91543
91574
91584
91603
91612
91624
91647
91653
91661
91662
91664
91694
91734
91746
91752
91754
91768
91801
91833
91869
91893
91942
91947
91949
91975
91978
92002
92014
92086
92104
92105
92170
92211
92235
92241
92259
92283
92285
92291
92305
92335
92342
92344
92345
92359
92369
92400
92421
92483
92552
92558
92579
92595
92597
92609
92667
92675
92737
92799
92815
92840
92856
92906
92912
92935
92949
92960
92999
93010
93058
93129
93134
93145
93166
93183
93210
93343
93408
93474
93492
93517
93587
93589
93611
93621
93624
93627
93649
93650
93659
93661
93664
93953
93973
93978
93979
93986
94005
94025
94027
94030
94031
94032
94033
94039
94056
94081
94097
94101
94103
94104
94115
94121
94122
94134
94137
94160
94233
94234
94235
94239
94241
94274
96764
103910
112398
112399
112401
112476
112479
112574
112714
112724
112744
112752
112755
112802
112812
112817
112840
112858
112936
112939
112950
112970
113026
113179
113189
113235
113263
113278
113402
113419
113451
113457
113510
113612
113675
113730
113746
113802
113835
113878
114026
114049
114088
114131
114132
114134
114294
114327
114335
114336
114548
114571
114609
114625
114757
114770
114771
114781
114784
114786
114788
114791
114798
114799
114800
114804
114805
114815
114822
114823
114826
114836
114876
114879
114880
114881
114882
114902
114907
114908
114932
114971
115019
115024
115111
115123
115196
115201
115207
115209
115265
115286
115290
115426
115509
115548
115560
115572
115584
115650
115677
115703
115704
115708
115752
115817
115825
115827
115908
115939
116039
116085
116092
116113
116115
116135
116138
116150
116154
116224
116228
116255
116362
116369
116412
116442
116443
116444
116447
116448
116449
116496
116512
116519
116541
116832
116835
116931
116983
116986
116987
116988
117144
117154
117155
117156
117157
117177
117178
117246
117247
117283
117286
117289
117531
117581
117583
117608
118424
118426
118429
118460
118490
118788
118813
118881
118924
118987
119016
119180
119385
119391
119587
120103
120114
120227
120237
120892
121214
121227
121260
121268
121274
121278
121340
121391
121441
121504
121512
121536
121551
121601
121642
121643
121665
122011
122042
122402
122553
122622
122664
122706
122786
122830
122876
122953
122961
122970
123016
123041
123096
123099
123169
123228
123263
123283
123606
123688
123803
123872
123879
124044
124056
124220
124222
124245
124359
124401
124404
124454
124540
124583
124590
124626
124641
124790
124801
124817
124923
124925
124930
124935
124961
124976
124997
125061
125111
125206
125336
125476
125488
125893
125919
125965
125972
126003
126006
126017
126068
126069
126070
126119
126129
126206
126208
126231
126282
126295
126306
126308
126326
126328
126374
126375
126393
126410
126433
126767
126789
126792
126820
126961
126969
127018
127124
127253
127343
127396
127495
127534
127540
127579
127665
127707
127829
127833
127845
128178
128209
128239
128240
128308
128312
128322
128408
128414
128486
128553
128674
128821
128853
128866
128869
128989
129049
129080
129138
129285
129401
129446
129563
129642
129684
129685
129807
129880
129881
130271
130340
130355
130367
130399
130497
130507
130557
130589
130617
130749
130916
131034
131076
131096
131118
131149
131405
131474
131578
131669
131890
131965
132001
132158
132243
132612
132660
132789
132864
132884
132949
132954
133022
133060
133121
133308
133396
133522
133558
133619
133686
133688
134147
134218
134266
134391
134429
134430
134548
134637
134701
134829
134957
135112
135114
135138
135152
135293
135295
135458
135935
136051
136227
136259
136306
136647
137209
137492
137682
137735
137814
137868
137872
137886
137902
137964
137970
138050
138151
138428
138474
138715
139065
139170
139189
139285
139322
139341
139411
139562
139716
139728
139735
139804
140032
140432
140453
140465
140467
140469
140564
140609
140612
140628
140679
140685
140690
140700
140711
140732
140735
140739
140801
140803
140809
140823
140856
140885
140890
140902
142678
142679
142680
142684
142689
142891
142910
142940
143187
143244
143279
143425
143471
143630
143684
143689
143872
143884
143941
144100
144124
144165
144193
144195
144245
144321
144348
144402
144404
144453
144455
144699
144715
144983
145173
145226
145258
145376
145482
145553
145567
145781
145864
145873
145957
146050
146057
146059
146183
146198
146227
146434
146456
146540
146664
146691
146713
146754
146760
146802
146862
146923
147007
147015
147111
147138
147179
147183
147323
147372
147407
147409
147495
147657
147658
147660
147686
147687
147694
147741
147808
147837
147912
147923
147929
147948
147949
147965
147968
148022
148066
148103
148156
148198
148206
148213
148229
148252
148254
148266
148268
148327
148534
148641
148738
148811
148867
148932
148979
149041
149076
149095
149111
149233
149281
149345
149371
149461
149465
149469
149775
149986
149998
150084
150094
150159
150209
150274
150280
150290
150365
150379
150465
150472
150572
150677
150684
150696
150737
150786
151011
151126
151194
151258
151295
151306
151449
151473
151516
151531
151556
151651
151742
151827
151835
151888
151903
152002
152006
152007
152137
152273
152330
152485
152518
152519
152559
152573
152687
152831
152992
153090
153201
153443
153478
153527
153562
153572
153769
153770
154043
154141
154150
154215
154288
154664
154791
154796
154881
155054
155066
155184
157310
157506
157570
157680
157724
157769
157807
157922
158219
158326
158399
158431
158586
158747
158763
158800
158833
158835
158866
158880
159090
159091
159163
159296
159371
159963
160287
160335
160364
160428
160518
160622
160728
160760
160851
160897
161003
161291
161424
161497
161514
161582
161742
161753
161882
162239
162417
162494
162514
162515
162655
162699
162962
162963
162966
162967
162968
162972
162993
163049
163050
163051
163059
163071
163081
163087
163131
163175
163223
163227
163255
163702
163786
163859
163933
164022
164045
164656
164832
165904
165918
166336
166378
166379
166614
166647
166655
166785
166793
166815
166824
166863
166929
167127
167153
167227
167465
167555
167691
167826
168002
168374
168400
168417
168537
168544
168620
168667
169026
169200
169270
169355
169522
169714
169792
169834
169841
169966
170302
170463
170482
170506
170685
170691
170692
170825
170959
170960
171017
171023
171392
171558
171568
171586
192134
192286
192668
192669
192670
195814
196051
196264
196294
196394
196410
196446
196463
196483
196513
196527
196528
196541
196743
196883
197021
197131
197135
197257
197320
197322
197358
197370
197407
199692
199699
199704
199713
199777
199857
199870
199920
199974
200010
200014
200185
200205
200316
200350
200576
200728
200734
200765
200879
200894
200895
200916
200931
200933
200942
201158
201163
201164
201176
201232
201266
201294
201305
201456
201501
201514
201516
201562
201595
201626
201780
201798
201895
201965
202018
202052
202151
202374
202500
202915
203054
203062
203068
203069
203100
203228
203522
203523
203547
203611
203859
204219
204474
204851
204962
205327
206358
207063
219333
219409
219539
219541
219595
219681
219699
219736
219743
219749
219844
219855
219899
219927
219931
219988
220074
220202
220296
220323
220359
220869
220963
220965
220988
220992
221037
221079
221092
221120
221143
221178
221184
221322
221357
221400
221421
221443
221472
221476
221504
221527
221613
221656
221662
221692
221785
221806
221823
221833
221895
221935
221937
221938
221960
222068
222194
222235
222236
222487
222537
222545
222546
222642
222658
222662
222663
222696
222698
223117
225689
245972
245973
246175
246176
246181
246184
246213
246243
246269
246330
246721
252884
253017
253175
253190
253260
253314
253430
253461
253512
253558
253635
253639
253650
253738
253782
253827
253832
253959
253980
254042
254065
254102
254170
254240
254251
254263
254863
254887
254958
255104
255119
255231
255239
255374
255394
255403
255488
255626
255738
255743
255758
255877
255928
255967
256051
256126
256158
256281
256297
256374
256471
256586
256710
256714
256764
256933
256979
256987
257068
257101
257144
257194
257218
257364
257629
259197
259230
259232
259236
259266
259307
260293
260425
261726
261734
266629
266675
266722
266743
267020
280636
282617
282679
282808
282809
282890
282974
282996
283078
283120
283130
283149
283208
283209
283212
283234
283238
283248
283297
283373
283417
283420
283446
283455
283464
283489
283537
283571
283600
283652
283659
283685
283742
283767
283820
283849
283871
283927
283987
283989
284004
284013
284076
284086
284098
284111
284119
284129
284161
284194
284217
284273
284288
284306
284307
284309
284312
284323
284325
284346
284349
284359
284361
284370
284371
284390
284391
284403
284406
284439
284443
284451
284459
284525
284541
284612
284654
284656
284716
284723
284759
284904
284996
285126
285148
285172
285175
285190
285193
285195
285220
285267
285268
285282
285335
285343
285346
285349
285362
285381
285440
285489
285498
285521
285525
285527
285590
285641
285643
285672
285676
285971
285973
285989
286046
286053
286075
286077
286097
286128
286183
286262
286380
286451
286676
286749
286826
286827
286887
317705
317719
317754
317762
317772
317781
326340
326625
333926
333932
337876
338094
338328
338339
338376
338440
338442
338567
338599
338645
338692
338821
338917
339010
339175
339221
339229
339318
339324
339327
339345
339390
339416
339451
339487
339488
339500
339521
339559
339665
339745
339766
339829
339855
339896
339967
339983
340024
340075
340168
340252
340260
340273
340348
340351
340359
340371
340385
340419
340441
340485
340554
340578
340654
340665
340719
340784
340990
341208
341277
341350
341567
341640
341676
341880
342035
342125
342132
342184
342357
342371
342527
342538
342850
342892
342897
342898
342908
342909
342926
342933
342945
342977
343035
343066
343472
343637
343641
343702
343930
344018
344022
344191
344558
344752
344787
344905
345079
345274
345275
345462
345557
345611
345651
345778
345895
346007
346157
346171
346288
346562
346606
346673
347051
347344
347454
347516
347527
347688
347732
347733
347734
347735
347853
348093
348180
348327
348932
348938
348980
349075
349149
349334
349667
353088
353116
353274
353333
353355
353376
353500
359710
359787
359845
360023
360200
373856
373863
374291
374407
374462
374569
374654
374655
374659
374768
374860
374868
374875
374879
374882
374887
374899
374900
374907
374928
375035
375189
375248
375298
375318
375346
375449
375567
375611
375616
375743
375748
375775
375790
376132
376497
376940
377007
377677
377711
378807
378884
378948
378949
378950
378951
386617
386672
386674
386675
386676
386677
386678
386679
386680
386681
386682
386685
387032
387082
387129
387281
387328
387332
387521
387522
387597
387601
387700
387715
387755
387758
387775
387787
387837
387893
387914
387923
387990
388121
388228
388323
388403
388468
388523
388531
388536
388552
388558
388559
388561
388566
388567
388569
388585
388695
388697
388698
388722
388743
388939
388962
389015
389058
389114
389119
389158
389207
389217
389421
389434
389549
389677
389692
389840
389856
389874
389898
390010
390110
390245
390259
390275
390594
390637
390748
390760
390790
390874
390927
390928
390956
390980
390992
391230
391322
391365
391722
391723
391764
391766
391767
392255
392490
399512
399687
399694
399818
399909
400569
400682
400713
400720
400916
400961
400966
400986
400987
401262
401265
401387
401474
401548
401647
402055
402117
402207
402381
402569
403341
404037
404281
404672
404734
404785
405753
406960
407053
407975
408050
414062
414149
414189
414301
414308
414328
414919
415116
415117
431705
431707
440073
440077
440093
440097
440138
440193
440233
440243
440275
440279
440292
440400
440434
440503
440515
440567
440590
440689
440730
440822
440823
440836
440854
440981
441024
441234
441250
441282
441425
441430
441459
441478
441509
441531
441549
441795
441900
442038
442117
442213
442319
442425
442721
445329
445571
445582
493753
493856
493861
493869
494115
494143
494188
494470
494513
494551
548593
548596
548644
548645
552900
553115
553158
554313
574537
613227
619279
619373
641339
641371
641372
641455
641700
642132
642517
642636
642658
642843
643155
643414
643418
643481
643834
643836
643847
643866
644019
644096
644129
644150
644168
644524
644578
644591
644943
644974
645121
645142
645202
645280
645317
645490
645832
645870
645877
646043
646480
646486
646567
646575
646643
646670
646698
646864
646915
646960
646993
647219
648044
649887
650157
650621
651302
651610
651921
652147
652522
652725
652797
652798
652826
653121
653145
653240
653252
653268
653269
653275
653333
653361
653375
653404
653427
653437
653489
653505
653509
653510
653519
653598
653604
653631
653689
653781
653808
653877
653884
653888
653889
654085
654254
654346
654364
654463
654483
692312
723790
723961
724066
727738
727832
727851
727897
727910
727936
727940
727957
728013
728071
728113
728116
728127
728199
728294
728318
728340
728343
728378
728404
728441
728458
728489
728492
728577
728642
728689
728747
728763
728927
728929
728932
728945
728957
729020
729092
729230
729238
729288
729330
729454
729468
729515
729540
729549
729566
729595
729648
729706
729711
729722
729724
729747
729857
729863
729898
729920
730005
730051
730249
730262
730268
730394
730426
730427
730429
731751
732265
768206
768239
780776
100036519
100037417
100101467
100127919
100128302
100128327
100128355
100128542
100128596
100128927
100129144
100129492
100129543
100129842
100129885
100130932
100130966
100131002
100131187
100131390
100131479
100131509
100131539
100131823
100131827
100131980
100132074
100132202
100132257
100132346
100132386
100132396
100132911
100133224
100133475
100133511
100133578
100133760
100133941
100134031
100134091
100134267
100134285
100134444
100151683
100271849
100271927
100286979
100287163
100287171
100287226
100287399
100287429
100287477
100287515
100287758
100287819
100287841
100287932
100288018
100288072
100288470
100288500
100288560
100288562
100288570
100288695
100288966
100289079
100289085
100289097
100289143
100289462
100289635
100289713
100289811
100290070
100290073
100290283
100290337
100290519
100290651
100290936
100291405
100291837
100291851
100292290
100292920
100293160
100293516
100293534
100293876
100293888
100294331
100294340
100294376
100294407
100294411
100294412
100294420
100302736
100381270
100422910
100423062
100505503
100505506
100505582
100505584
100505587
100505591
100505603
100505654
100505753
100505793
100505796
100505852
100505868
100505945
100506072
100506205
100506244
100506332
100506574
100506595
100506607
100506614
100506658
100506744
100506888
100506911
100506931
100506946
100506971
100507102
100507124
100507290
100507349
100507444
100507650
100507680
100507681
100507685
100507688
100507699
100507700
100507703
100507705
100507758
100507804
100507839
100507855
100507871
100507901
100508006
100508018
100508024
100508025
100508173
100508174
100508181
100508206
100508266
100508403
100508438
100508474
100508475
100508484
100508640
100508643
100508650
100508670
100508690
100508742
100508755
100508782
100508807
100508832
100508882
100509003
100509010
100509022
100509053
100509234
100509407
100509419
100509466
100509525
100509540
100509620
100509701
100509751
100509804
100509864
100509882
100509979
100510004
100510018
100510027
100510030
100510058
100510065
100510068
100510073
100510141
100510144
100510183
100510200
100510258
100510275
100510279
100510314
100510327
100510333
100510349
100510355
100510366
100510377
100510408
100510435
100510447
100510451
100510465
100510476
100510477
100510486
100510503
100510510
100510525
100510526
100510546
100510581
100510589
100510603
100510614
100510632
100510634
100510642
100510662
100510686
100510692
100510711
100510712
100510735
100510740
100510742
100510744
100529215
